
strategic_region={
	id=10
	name="STRATEGICREGION_10"
	provinces={
		902 1494 1534 1561 1924 2056 2551 2584 2767 3190 3409 3430 3441 3569 3601 3681 4083 4245 4303 4730 8934 8963 8990 9015 9022 9055 9070 9085 9104 9110 9122 9126 9127 9135 9140 9148 9158 9162 9168 9169 9170 9176 9182 9187 9198 9206 9207 9208 9218 9229 9239 9245 9246 9252 9269 9275 9279 9280 9290 9291 9294 9299 9314 9328 9337 9348 9361 9381 13285 13286 13287 
	}
	weather={
		period={
			between={ 1.1 12.8 }
			temperature={ -10.0 35.0 }
			no_phenomenon=1.500
			rain_light=0.250
			rain_heavy=0.100
			snow=0.000
			blizzard=0.000
			arctic_water=0.000
			mud=0.000
			sandstorm=0.000
			min_snow_level=0.000
		}
	}
}
