
strategic_region={
	id=101
	name="STRATEGICREGION_101"
	provinces={
		13380 13430 13443 13504 13893 13897 14011 14025 14041 14091 14182 14441 14474 14540 14554 14679 14692 14747 14756 14830 14948 15022 15043 15062 15158 15208 15222 15232 15359 15427 15438 15504 15580 15697 15702 15724 15731 15902 15933 15943 15989 16119 16203 16271 16293 16315 16322 16343 16403 16922 16924 16929 16933 16936 16945 16951 16952 16954 16956 16960 16962 16965 16967 16968 16972 
	}
	naval_terrain=water_shallow_sea
	weather={
		period={
			between={ 1.1 12.8 }
			temperature={ -10.0 35.0 }
			no_phenomenon=1.500
			rain_light=0.250
			rain_heavy=0.100
			snow=0.000
			blizzard=0.000
			arctic_water=0.000
			mud=0.000
			sandstorm=0.000
			min_snow_level=0.000
		}
	}
}
