
strategic_region={
	id=103
	name="STRATEGICREGION_103"
	provinces={
		13410 13476 13501 13563 13571 13650 13681 13741 13795 13806 13835 13860 13883 13894 13896 13967 14024 14032 14042 14103 14115 14133 14194 14197 14199 14202 14242 14263 14268 14270 14282 14308 14313 14315 14349 14418 14423 14440 14477 14486 14515 14528 14549 14555 14558 14577 14611 14624 14647 14666 14682 14687 14688 14715 14722 14734 14738 14755 14789 14791 14798 14860 14932 14940 14971 14983 14998 15032 15048 15049 15055 15069 15081 15084 15103 15108 15112 15119 15202 15213 15243 15282 15313 15324 15338 15365 15366 15372 15425 15453 15461 15467 15468 15472 15477 15487 15494 15496 15499 15506 15524 15530 15547 15551 15560 15571 15577 15599 15601 15608 15622 15627 15644 15665 15714 15725 15743 15745 15750 15758 15765 15796 15807 15844 15863 15869 15884 15904 15912 15931 15934 15946 15966 16005 16022 16029 16057 16067 16085 16097 16128 16141 16167 16186 16209 16249 16266 16267 16279 16280 16282 16313 16364 16393 16400 16415 16422 16434 16449 16451 16463 16464 16476 16477 16478 16479 16480 16481 16500 16501 16502 16504 16508 16516 16517 16525 16526 16530 16543 16546 16547 16549 16554 16556 16559 16563 16564 16565 16566 16571 16573 16575 16576 16577 16583 16585 16587 16600 16606 16613 16621 16626 16629 16630 16631 16632 16635 16636 16640 16641 16642 16645 16646 16648 16650 16658 
	}
	naval_terrain=water_deep_ocean
	weather={
		period={
			between={ 1.1 12.8 }
			temperature={ -10.0 35.0 }
			no_phenomenon=1.500
			rain_light=0.250
			rain_heavy=0.100
			snow=0.000
			blizzard=0.000
			arctic_water=0.000
			mud=0.000
			sandstorm=0.000
			min_snow_level=0.000
		}
	}
}
