
strategic_region={
	id=104
	name="STRATEGICREGION_104"
	provinces={
		13633 13687 13915 13930 13936 14052 14078 14153 14173 14230 14363 14412 14427 14525 14526 14582 14669 14684 14703 14713 14744 14746 14765 14769 14828 14855 14865 14906 14925 14933 14944 14960 14989 15018 15019 15059 15085 15091 15120 15196 15253 15300 15325 15363 15368 15380 15391 15424 15436 15437 15448 15470 15481 15491 15503 15526 15535 15585 15598 15609 15619 15623 15635 15642 15645 15649 15716 15719 15751 15773 15780 15783 15786 15801 15817 15839 15888 15922 15936 15938 15951 15959 15981 15982 15984 16013 16024 16032 16051 16080 16084 16132 16181 16204 16213 16224 16227 16262 16268 16301 16311 16317 16319 16348 16368 16383 16394 16421 16427 16429 16654 16663 16664 16672 16686 16689 16698 16742 16743 16751 16755 16763 16764 16772 16776 16782 16785 16800 16805 16822 16835 16848 16858 16859 16866 16867 16881 16883 16895 16899 16917 16921 16930 16932 16937 16942 16948 
	}
	naval_terrain=water_shallow_sea
	weather={
		period={
			between={ 1.1 12.8 }
			temperature={ -10.0 35.0 }
			no_phenomenon=1.500
			rain_light=0.250
			rain_heavy=0.100
			snow=0.000
			blizzard=0.000
			arctic_water=0.000
			mud=0.000
			sandstorm=0.000
			min_snow_level=0.000
		}
	}
}
