
strategic_region={
	id=105
	name="STRATEGICREGION_105"
	provinces={
		13373 13448 13494 13607 13625 13692 13718 13740 13765 13771 13785 13921 13987 13988 13995 14023 14211 14212 14240 14277 14364 14382 14443 14586 14620 14645 14709 14785 14792 14885 14898 14930 15176 15291 15319 15410 15422 15454 15518 15590 15755 16045 16109 16255 16327 16334 16465 17165 17190 17192 17198 17203 17206 17213 17224 17225 17227 17228 
	}
	naval_terrain=water_deep_ocean
	weather={
		period={
			between={ 1.1 12.8 }
			temperature={ -10.0 35.0 }
			no_phenomenon=1.500
			rain_light=0.250
			rain_heavy=0.100
			snow=0.000
			blizzard=0.000
			arctic_water=0.000
			mud=0.000
			sandstorm=0.000
			min_snow_level=0.000
		}
	}
}
