
strategic_region={
	id=106
	name="STRATEGICREGION_106"
	provinces={
		13394 13658 13823 13924 13999 14102 14139 14244 14374 14421 14575 14633 14720 14768 14800 14844 14879 14941 14958 14979 15006 15033 15101 15115 15145 15254 15322 15327 15415 15530 15578 15683 15721 15734 15764 15928 15960 15965 15994 16011 16014 16030 16049 16142 16144 16195 16248 16420 16974 16979 16984 16987 16989 16991 17001 17003 17005 17009 17015 17017 17018 17024 17032 17045 
	}
	naval_terrain=water_shallow_sea
	weather={
		period={
			between={ 1.1 12.8 }
			temperature={ -10.0 35.0 }
			no_phenomenon=1.500
			rain_light=0.250
			rain_heavy=0.100
			snow=0.000
			blizzard=0.000
			arctic_water=0.000
			mud=0.000
			sandstorm=0.000
			min_snow_level=0.000
		}
	}
}
