
strategic_region={
	id=107
	name="STRATEGICREGION_107"
	provinces={
		13493 13639 13715 13787 13804 13905 13966 13970 14002 14064 14251 14522 14543 14592 14766 14839 14884 14919 14999 15179 15259 15279 15321 15369 15418 15455 15471 15496 15506 15546 15560 15639 15815 15836 15889 15991 16070 16123 16194 16229 16259 16379 16381 16399 16404 16436 16445 16447 17007 17014 17034 17037 17040 17044 17048 17049 17058 17062 17065 17067 17069 17071 17083 17095 
	}
	naval_terrain=water_shallow_sea
	weather={
		period={
			between={ 1.1 12.8 }
			temperature={ -10.0 35.0 }
			no_phenomenon=1.500
			rain_light=0.250
			rain_heavy=0.100
			snow=0.000
			blizzard=0.000
			arctic_water=0.000
			mud=0.000
			sandstorm=0.000
			min_snow_level=0.000
		}
	}
}
