
strategic_region={
	id=109
	name="STRATEGICREGION_109"
	provinces={
		13540 13700 13829 13871 14075 14246 14285 14359 14444 14467 14561 14701 14702 14721 14752 14771 14834 14986 14995 15003 15024 15029 15063 15090 15102 15105 15123 15125 15278 15296 15511 15536 15558 15561 15569 15586 15752 15754 15810 15850 15882 16009 16069 16133 16196 16219 16274 17046 17053 17054 17060 17064 17073 17078 17085 
	}
	naval_terrain=water_shallow_sea
	weather={
		period={
			between={ 1.1 12.8 }
			temperature={ -10.0 35.0 }
			no_phenomenon=1.500
			rain_light=0.250
			rain_heavy=0.100
			snow=0.000
			blizzard=0.000
			arctic_water=0.000
			mud=0.000
			sandstorm=0.000
			min_snow_level=0.000
		}
	}
}
