
strategic_region={
	id=11
	name="STRATEGICREGION_11"
	provinces={
		166 256 369 426 588 704 752 1484 1556 1559 1708 1776 1915 2123 2292 2559 2581 2617 3073 3088 3166 3433 3484 3523 3561 3757 3841 3842 3854 3860 3875 3905 3913 3994 4028 4043 4067 4201 4335 4423 4471 4573 4591 4748 4796 4963 4983 5145 5157 5218 9354 9366 9380 9388 9393 9398 9409 9432 9433 9440 9444 9468 9475 9478 9484 9496 9497 9501 9504 9505 9509 9516 9520 9521 9522 9533 9534 9535 9540 9541 9545 9551 9557 9558 9559 9565 9566 9572 9573 9581 9584 9587 9588 9589 9598 9599 9600 9601 9604 9613 9614 9615 9618 9620 9624 9625 9630 9631 9632 9635 9638 9646 9647 9648 9654 9655 9666 9667 9673 9674 9686 9691 9699 9704 9705 9713 9722 9723 9731 9732 9738 9753 9754 9761 9765 9766 9772 9776 9791 9792 9795 9803 9824 9825 9829 9843 9849 9862 9883 9893 13309 17282 
	}
	weather={
		period={
			between={ 1.1 12.8 }
			temperature={ -10.0 35.0 }
			no_phenomenon=1.500
			rain_light=0.250
			rain_heavy=0.100
			snow=0.000
			blizzard=0.000
			arctic_water=0.000
			mud=0.000
			sandstorm=0.000
			min_snow_level=0.000
		}
	}
}
