
strategic_region={
	id=111
	name="STRATEGICREGION_111"
	provinces={
		13438 13637 13717 13749 13819 14062 14109 14190 14207 14238 14338 14339 14417 14420 14422 14459 14460 14473 14480 14487 14579 14631 14651 14673 14728 14787 14790 14799 14803 14829 14848 14886 14902 14923 14945 14966 15077 15160 15168 15236 15320 15370 15434 15475 15537 15605 15610 15611 15615 15639 15647 15654 15673 15674 15680 15681 15727 15732 15774 15896 15898 15901 16082 16136 16145 16164 16198 16272 16321 16374 16466 16482 16483 16484 16485 16486 16499 16513 16537 16538 16539 16540 16541 16542 16544 16562 16568 16586 16590 16591 
	}
	naval_terrain=water_deep_ocean
	weather={
		period={
			between={ 1.1 12.8 }
			temperature={ -10.0 35.0 }
			no_phenomenon=1.500
			rain_light=0.250
			rain_heavy=0.100
			snow=0.000
			blizzard=0.000
			arctic_water=0.000
			mud=0.000
			sandstorm=0.000
			min_snow_level=0.000
		}
	}
}
