
strategic_region={
	id=112
	name="STRATEGICREGION_112"
	provinces={
		13536 13655 13669 13796 13811 13833 13857 14012 14021 14033 14111 14131 14233 14297 14385 14405 14485 14520 14521 14600 14623 14774 14813 14815 14826 14845 14969 15034 15076 15087 15192 15255 15265 15286 15341 15383 15387 15394 15579 15581 15582 15591 15592 15652 15718 15803 15840 15993 16018 16019 16052 16060 16075 16083 16101 16112 16126 16129 16188 16216 16277 16331 16384 16409 16456 17142 17143 17144 17150 17159 17160 17161 17171 17173 17179 17183 17184 17187 17194 17214 17232 17234 17235 
	}
	naval_terrain=water_deep_ocean
	weather={
		period={
			between={ 1.1 12.8 }
			temperature={ -10.0 35.0 }
			no_phenomenon=1.500
			rain_light=0.250
			rain_heavy=0.100
			snow=0.000
			blizzard=0.000
			arctic_water=0.000
			mud=0.000
			sandstorm=0.000
			min_snow_level=0.000
		}
	}
}
