
strategic_region={
	id=114
	name="STRATEGICREGION_114"
	provinces={
		13385 13463 13474 13530 13659 13665 13690 13789 13870 13910 13952 14005 14026 14059 14071 14084 14101 14112 14145 14170 14172 14181 14198 14236 14314 14331 14360 14365 14401 14550 14564 14578 14610 14693 14757 14760 14795 14861 14908 14911 14970 15011 15036 15072 15203 15245 15264 15284 15287 15309 15329 15360 15362 15390 15395 15474 15510 15522 15523 15528 15533 15534 15540 15651 15707 15742 15790 15792 15816 15818 15841 15886 15925 15949 15952 15958 16098 16122 16169 16170 16215 16230 16260 16294 16314 16324 16431 17076 17097 17112 17122 17124 17132 17139 17141 17145 17147 17148 17156 17162 17172 17177 17199 17207 17209 17212 17217 17219 17229 17231 17237 
	}
	naval_terrain=water_deep_ocean
	weather={
		period={
			between={ 1.1 12.8 }
			temperature={ -10.0 35.0 }
			no_phenomenon=1.500
			rain_light=0.250
			rain_heavy=0.100
			snow=0.000
			blizzard=0.000
			arctic_water=0.000
			mud=0.000
			sandstorm=0.000
			min_snow_level=0.000
		}
	}
}
