
strategic_region={
	id=115
	name="STRATEGICREGION_115"
	provinces={
		4781 12408 12417 12430 13664 13682 13720 13917 14175 14218 14272 14293 14299 14300 14357 14425 14479 14488 14509 14516 14595 14657 14676 14733 14772 14801 14842 14897 14903 14931 14962 15016 15041 15162 15174 15241 15290 15419 15435 15516 15544 15549 15559 15612 15633 15677 15691 15723 15730 15739 15785 15826 15864 15918 15947 16003 16054 16066 16102 16163 16168 16246 16288 16290 16382 16388 16398 16405 16406 16435 16448 16997 17002 17006 17012 17022 17028 17029 17031 17035 17036 17039 17041 17055 17057 17059 17061 17074 17075 17077 17086 17087 17090 17258 
	}
	naval_terrain=water_shallow_sea
	weather={
		period={
			between={ 1.1 12.8 }
			temperature={ -10.0 35.0 }
			no_phenomenon=1.500
			rain_light=0.250
			rain_heavy=0.100
			snow=0.000
			blizzard=0.000
			arctic_water=0.000
			mud=0.000
			sandstorm=0.000
			min_snow_level=0.000
		}
	}
}
