
strategic_region={
	id=12
	name="STRATEGICREGION_12"
	provinces={
		102 218 241 403 591 645 674 678 679 701 727 748 787 853 969 1074 1093 1103 1115 1122 1138 1172 1194 1255 1258 1278 1335 1349 1363 1369 1575 1578 1582 1627 1638 1653 1663 1677 1692 1713 1765 1799 1839 1841 1853 1861 1881 1915 1997 1998 2032 2048 2059 2089 2122 2172 2246 2263 2281 2294 2310 2313 2328 2335 2339 2432 2491 2580 2623 2632 2654 2657 2658 2672 2682 2758 2796 2799 2898 2899 2904 2907 2908 2910 2911 2912 2915 2918 2919 2921 2923 2925 2929 2932 2933 2934 2938 2939 2941 2942 2944 2947 2952 2955 2957 2958 2959 2961 2962 2964 2965 2966 2969 2970 2971 2974 2976 2977 2979 2981 2984 2986 2988 2990 2991 2992 2996 2999 3001 3005 3006 3009 3013 3016 3017 3019 3027 3029 3030 3032 3033 3040 3046 3047 3049 3051 3055 3057 3065 3066 3067 3077 3084 3089 3093 3094 3107 3114 3121 6324 
	}
	weather={
	}
}
