
strategic_region={
	id=120
	name="STRATEGICREGION_120"
	provinces={
		13417 13439 13449 13472 13545 13588 13630 13671 13703 13774 13821 13827 13834 13840 13877 13890 14001 14057 14069 14086 14168 14191 14203 14225 14344 14391 14397 14442 14493 14495 14517 14529 14531 14627 14632 14650 14658 14729 14853 14882 14901 14913 14914 14918 14978 14994 15094 15128 15165 15188 15242 15270 15311 15358 15400 15401 15416 15557 15575 15659 15679 15733 15775 15799 15880 15903 15973 16189 16423 16886 16906 16918 16958 16964 16996 16998 17011 17016 
	}
	naval_terrain=water_deep_ocean
	weather={
		period={
			between={ 1.1 12.8 }
			temperature={ -10.0 35.0 }
			no_phenomenon=1.500
			rain_light=0.250
			rain_heavy=0.100
			snow=0.000
			blizzard=0.000
			arctic_water=0.000
			mud=0.000
			sandstorm=0.000
			min_snow_level=0.000
		}
	}
}
