
strategic_region={
	id=125
	name="STRATEGICREGION_125"
	provinces={
		13426 13431 13598 13610 13628 13695 13697 13777 13900 14067 14134 14157 14162 14205 14213 14217 14287 14318 14320 14351 14355 14403 14471 14514 14544 14621 14644 14675 14697 14740 14764 14857 14949 15017 15052 15080 15146 15151 15175 15224 15227 15252 15271 15283 15404 15417 15509 15521 15573 15690 15692 15721 15736 15747 15845 15862 15969 15979 16050 16073 16185 16207 16208 16240 16283 16396 16426 16446 16460 16488 16489 16495 16509 16512 16532 16536 16548 16551 16592 16610 16622 16637 
	}
	naval_terrain=water_deep_ocean
	weather={
		period={
			between={ 1.1 12.8 }
			temperature={ -10.0 35.0 }
			no_phenomenon=1.500
			rain_light=0.250
			rain_heavy=0.100
			snow=0.000
			blizzard=0.000
			arctic_water=0.000
			mud=0.000
			sandstorm=0.000
			min_snow_level=0.000
		}
	}
}
