
strategic_region={
	id=127
	name="STRATEGICREGION_127"
	provinces={
		13404 13415 13418 13503 13561 13570 13589 13614 13620 13635 13663 13677 13693 13713 13724 13729 13862 13941 13943 13974 13978 13989 14015 14048 14056 14105 14118 14163 14432 14458 14560 14576 14585 14606 14612 14825 14840 14847 14854 14870 14874 14877 14912 15067 15098 15099 15104 15155 15186 15193 15349 15353 15389 15482 15486 15564 15620 15698 15726 15757 15913 15915 15944 16027 16076 16107 16360 16392 16402 16594 16601 16627 16639 16651 16653 16659 16665 16674 16678 16679 16683 16684 16706 16718 16725 16728 16753 16766 17246 17248 17252
	}
	naval_terrain=water_deep_ocean
	weather={
		period={
			between={ 1.1 12.8 }
			temperature={ -10.0 35.0 }
			no_phenomenon=1.500
			rain_light=0.250
			rain_heavy=0.100
			snow=0.000
			blizzard=0.000
			arctic_water=0.000
			mud=0.000
			sandstorm=0.000
			min_snow_level=0.000
		}
	}
}
