
strategic_region={
	id=128
	name="STRATEGICREGION_128"
	provinces={
		13371 13372 13398 13511 13518 13558 13592 13606 13642 13698 13798 13805 13837 14018 14146 14264 14267 14322 14329 14354 14373 14380 14408 14414 14447 14457 14496 14503 14506 14569 14589 14601 14605 14608 14707 14717 14762 14850 14946 14972 14982 14987 15012 15066 15131 15148 15163 15167 15181 15308 15376 15377 15421 15426 15442 15565 15583 15636 15641 15661 15685 15738 15748 15759 15772 15787 15835 15846 15855 15861 15961 15964 15971 16028 16064 16091 16200 16210 16236 16291 16292 16307 16320 16332 16344 16369 16371 16372 16437 17068 17072 17081 17111 17140 17168 17175 17185 17195 17197 17201 17208 17211 17215 17216 17222 17223 17230 17233 
	}
	naval_terrain=water_deep_ocean
	weather={
		period={
			between={ 1.1 12.8 }
			temperature={ 19.0 33.0 }
			no_phenomenon=1.500
			rain_light=0.250
			rain_heavy=0.100
			snow=0.000
			blizzard=0.000
			arctic_water=0.000
			mud=0.000
			sandstorm=0.000
			min_snow_level=0.000
		}
	}
}
