
strategic_region={
	id=133
	name="STRATEGICREGION_133"
	provinces={
		50 433 529 578 661 847 905 953 954 1001 1042 1139 1167 1417 1546 1724 1844 1917 1987 2925 2968 3079 3392 3435 3667 3839 3852 3980 4138 4264 4305 4356 4374 4523 4537 4814 5039 5221 10745 10767 10789 10830 10831 10850 10869 10875 10891 10892 10899 10900 10911 10916 10925 10935 10936 10941 10944 10964 10968 10972 10994 11003 11007 11011 11017 11042 11045 11064 11089 11097 11108 11140 11152 11155 11174 11176 11180 11188 11206 11207 11213 11214 11217 11218 11219 11238 11245 11246 11253 11254 11255 11285 11286 11287 11304 11312 11315 11322 11323 11342 11349 11358 11359 11363 11364 11387 11393 11404 13329 
	}
	weather={
		period={
			between={ 1.1 12.8 }
			temperature={ -10.0 35.0 }
			no_phenomenon=1.500
			rain_light=0.250
			rain_heavy=0.100
			snow=0.000
			blizzard=0.000
			arctic_water=0.000
			mud=0.000
			sandstorm=0.000
			min_snow_level=0.000
		}
	}
}
