
strategic_region={
	id=134
	name="STRATEGICREGION_134"
	provinces={
		244 296 751 802 994 1006 1010 1048 1125 1131 1135 1136 1218 1458 1475 1557 1706 1908 1955 2283 2361 2877 3535 3551 3830 4017 4260 4574 4899 4984 5091 10612 10639 10646 10647 10657 10658 10683 10684 10693 10711 10733 10734 10741 10760 10766 10788 10794 10828 10836 10837 10847 10879 10910 10932 10934 10940 10962 10963 10971 10977 10978 10979 11002 11014 11015 11016 11041 11044 11050 11055 11063 11073 11074 11077 11096 11107 11115 11119 11144 11175 13319 
	}
	weather={
		period={
			between={ 1.1 12.8 }
			temperature={ -10.0 35.0 }
			no_phenomenon=1.500
			rain_light=0.250
			rain_heavy=0.100
			snow=0.000
			blizzard=0.000
			arctic_water=0.000
			mud=0.000
			sandstorm=0.000
			min_snow_level=0.000
		}
	}
}
