
strategic_region={
	id=135
	name="STRATEGICREGION_135"
	provinces={
		91 114 227 875 899 1359 1523 1542 1546 1582 1651 1669 1788 1851 1864 1937 2075 2103 2299 2316 2334 2354 2357 2367 2404 2417 2473 2534 2538 2565 2577 2624 2822 2926 3015 3082 3121 3216 3279 3354 3398 3486 3747 3782 3853 4019 4105 4174 4244 4259 4263 4270 4310 4336 4372 4388 4544 4570 4592 4670 4699 4741 4744 4766 4787 4835 4836 4895 4919 4975 5076 5092 5109 5121 5134 5153 5192 5193 5253 11093 11151 11187 11197 11205 11225 11237 11267 11271 11284 11291 11292 11295 11307 11310 11311 11320 11321 11329 11330 11331 11334 11335 11337 11341 11342 11346 11347 11348 11349 11351 11352 11357 11361 11362 11363 11370 11371 11373 11374 11375 11376 11379 11381 11382 11385 11386 11390 11391 11392 11396 11400 11402 11403 11411 11416 11421 11422 11423 11426 11427 11433 11434 11438 11441 11442 11448 11452 11453 11457 11458 11459 11465 11466 11468 11469 11471 11472 11473 11479 11484 11485 11487 11488 11493 11497 11500 11501 11502 11507 11509 11514 11516 11517 11523 11525 11528 11529 11536 11537 11541 11554 11557 11561 11564 11565 11570 11583 11590 11598 11599 11603 11622 11632 11639 11641 11642 11649 11659 11673 11702 11723 11732 11738 17306 
	}
	weather={
	}
}
