
strategic_region={
	id=137
	name="STRATEGICREGION_137"
	provinces={
		17524 17527 17539 17545 17548 17551 17563 17564 17565 17567 17569 17571 17574 17575 17585 17586 17590 17591 17592 17593 17596 17600 17602 17606 17609 17612 17613 17616 17617 17618 17619 17621 17622 17623 17626 17627 17628 17633 17634 17635 17639 17640 17644 17645 17646 17647 17648 17649 17650 17651 17654 17655 17659 17662 17663 17666 17670 17671 17674 17675 17680 17681 17682 17684 17685 17686 17687 17688 17692 17693 17694 17696 17697 17698 17701 17705 17706 17707 17709 17714 17715 17716 17717 17718 17720 17725 17726 17729 17731 17732 17734 17735 17736 17737 17739 17740 17742 17743 17744 17748 17749 17750 17751 17754 17755 17756 17757 17762 17765 17767 17769 17770 17771 17774 17775 17776 17777 17778 17779 17781 17782 17783 17786 17787 17790 17791 17798 17800 17801 17804 17805 17807 17808 17809 17810 17812 17813 17814 17816 17817 17818 17821 17823 17825 17832 17833 17834 17835 17838 17840 17841 17843 17844 17845 17846 17847 17851 17855 17856 17858 17859 17865 17866 17870 17875 17877 17878 17879 17880 17884 17885 17889 17890 17893 17894 17895 17896 17897 17901 17902 17906 17907 17908 17919 17923 17924 17925 17927 17928 17933 17934 17937 17938 17947 17948 17950 17951 17954 17958 17959 17960 17970 17971 17974 17980 17982 17985 17989 17990 17994 17997 18006 18008 18009 18010 18014 18017 18018 18022 18035 18038 18039 18045 18049 18050 18052 18060 
	}
	weather={
	}
}
