
strategic_region={
	id=139
	name="STRATEGICREGION_139"
	provinces={
		484 2296 11653 18168 18180 18205 18208 18232 18240 18243 18248 18262 18275 18276 18283 18284 18294 18299 18308 18321 18325 18331 18335 18341 18353 18356 18357 18372 18384 18391 18392 18400 18408 18415 18423 18424 18434 18439 18445 18446 18458 18459 18470 18478 18479 18488 18491 18497 18507 18512 18513 18520 18525 18536 18537 18543 18559 18562 18569 18574 18587 18600 
	}
	weather={
		period={
			between={ 1.1 12.8 }
			temperature={ -10.0 35.0 }
			no_phenomenon=1.500
			rain_light=0.250
			rain_heavy=0.100
			snow=0.000
			blizzard=0.000
			arctic_water=0.000
			mud=0.000
			sandstorm=0.000
			min_snow_level=0.000
		}
	}
}
