
strategic_region={
	id=14
	name="STRATEGICREGION_14"
	provinces={
		131 161 234 366 370 413 435 490 630 698 720 772 876 897 947 951 970 1026 1043 1071 1078 1081 1204 1207 1217 1321 1348 1425 1501 1576 1607 1645 1700 1739 1775 1786 1836 1847 1872 1884 1934 1996 2027 2096 2150 2162 2262 2289 2418 2447 2486 2494 2509 2519 2538 2651 2653 2671 2689 2779 2784 2817 2818 2820 3308 3310 3338 3343 3352 3363 3369 3382 3392 3397 3402 3405 3414 3418 3421 3422 3433 3440 3446 3452 3461 3462 3465 3466 3472 3473 3474 3487 3489 3496 3497 3499 3504 3505 3508 3517 3522 3523 3528 3533 3541 3546 3554 3555 3556 3563 3567 3568 3569 3576 3584 3585 3588 3593 3603 3604 3605 3606 3610 3613 3623 3631 3637 3644 3648 3649 3655 3660 3663 3664 3665 3672 3677 3678 3688 3704 3707 3708 3730 3731 3733 3773 3776 
	}
	weather={
	}
}
