
strategic_region={
	id=140
	name="STRATEGICREGION_140"
	provinces={
		109 444 463 674 1057 1113 1162 1171 1400 1929 2406 2426 2472 2631 2865 2918 3003 3059 3224 3413 3439 3894 3933 4099 4185 4199 4299 4332 4403 4409 4427 4625 4668 4806 5141 5246 10677 10708 10717 10728 10758 10786 10800 10806 10817 10840 10844 10857 10862 10882 10888 10909 10923 10933 10943 10948 10949 10984 11028 11030 11043 11082 11095 11110 11114 11121 11126 11138 11154 11169 11195 11199 11200 11303 18306 18315 18334 18345 18355 18366 18371 18375 18376 18380 18382 18383 18388 18389 18390 18399 18403 18404 18405 18411 18412 18413 18414 18418 18422 18426 18429 18433 18440 18443 18444 18447 18449 18452 18453 18454 18456 18457 18464 18465 18469 18472 18474 18477 18486 18487 18494 18495 18496 18498 18499 18500 18501 18502 18503 18504 18505 18506 18516 18522 18523 18524 18527 18528 18529 18532 18533 18534 18535 18539 18540 18542 18547 18548 18549 18551 18553 18554 18557 18558 18561 18564 18565 18567 18568 18570 18572 18573 18578 18579 18581 18582 18583 18585 18586 18589 18590 18591 18592 18593 18595 18596 18597 18598 18599 18601 18603 18604 18609 18610 18611 18612 18613 18614 18615 18616 18617 18621 18622 18623 18624 18626 18627 18628 18630 18631 18632 18635 18636 18637 18639 18640 18643 18646 18647 18649 18650 18653 18654 18655 18656 18657 18659 18660 18661 18664 18665 18668 18669 18670 18671 18673 18677 18678 18679 18680 18685 18686 18687 18688 18690 18691 18692 18693 18694 18695 18696 18697 18701 18702 18706 18707 18708 18712 18713 18717 18718 18720 18725 18726 18727 18728 18729 18730 18731 18732 18733 18734 18736 18737 18743 18744 18745 18746 18752 18753 18756 18757 18758 18759 18760 18762 18764 18765 18769 18776 18777 18778 18779 18782 18783 18785 18786 18788 18792 18793 18794 18795 18798 18799 18800 18801 18803 18804 18808 18809 18812 18813 18814 18816 18820 18821 18822 18827 18828 18829 18830 18831 18832 18833 18834 18836 18837 18842 18843 18844 18845 18850 18851 18852 18853 18856 18857 18859 18863 18864 18865 18866 18867 18872 18873 18877 18878 18879 18880 18881 18884 18886 18887 18890 18891 18892 18895 18898 18900 18901 18902 18903 18905 18906 18907 18908 18909 18913 18914 18915 18916 18918 18920 18921 18922 18923 18925 18926 18927 18928 18931 18932 18933 18934 18935 18942 18943 18946 18947 18948 18949 18950 18953 18954 18956 18957 18958 18959 18962 18965 18967 18968 18969 18970 18972 18974 18978 18979 18981 18982 18984 18985 18987 18988 18989 18990 18993 18994 18995 18996 18997 18998 18999 19000 19001 19002 19003 19004 19005 19006 
	}
	weather={
		period={
			between={ 1.1 12.8 }
			temperature={ -10.0 35.0 }
			no_phenomenon=1.500
			rain_light=0.250
			rain_heavy=0.100
			snow=0.000
			blizzard=0.000
			arctic_water=0.000
			mud=0.000
			sandstorm=0.000
			min_snow_level=0.000
		}
	}
}
