
strategic_region={
	id=141
	name="STRATEGICREGION_141"
	provinces={
		340 383 799 804 1034 1038 1039 1041 1050 1053 1056 1064 1088 1100 1103 1105 1107 1148 1194 1752 1927 2132 2991 3847 4098 4207 4307 4326 4465 4655 4875 4918 4968 5148 5149 11743 11772 11778 11806 11819 11834 11846 11853 11865 11870 11871 11876 11891 11894 11899 11902 11914 11917 11920 11940 11941 11944 11946 11959 11962 11966 11967 11968 11972 11979 11984 11989 11996 12002 12016 12029 12030 12048 12062 16058 
	}
	weather={
		period={
			between={ 1.1 12.8 }
			temperature={ -10.0 35.0 }
			no_phenomenon=1.500
			rain_light=0.250
			rain_heavy=0.100
			snow=0.000
			blizzard=0.000
			arctic_water=0.000
			mud=0.000
			sandstorm=0.000
			min_snow_level=0.000
		}
	}
}
