
strategic_region={
	id=142
	name="STRATEGICREGION_142"
	provinces={
		545 875 899 1343 1352 1470 1546 1672 1674 1805 1851 1940 2523 2554 2818 3216 3255 3292 3782 4015 4019 4271 4372 4374 4702 4766 5090 5253 11337 11342 11349 11363 11370 11375 11376 11392 11404 11412 11422 11423 11442 11443 11449 11459 11480 11488 11493 11498 11509 11510 11515 11525 11529 11530 11539 11543 11548 11549 11550 11562 11566 11571 11585 11586 11604 11605 11606 11607 11618 11623 11625 11643 11655 11661 11662 11666 11695 11700 11711 11736 11739 11742 11744 11776 11783 
	}
	weather={
	}
}
