
strategic_region={
	id=15
	name="STRATEGICREGION_15"
	provinces={
		15 68 85 102 136 177 291 315 355 363 382 518 579 648 681 693 841 936 941 948 1063 1101 1150 1201 1242 1272 1279 1356 1540 1551 1643 1659 1690 1756 1774 1830 1861 1914 1949 2017 2024 2119 2145 2173 2206 2209 2238 2258 2276 2356 2384 2405 2465 2548 2552 2580 2665 2699 2706 2768 2793 2828 2843 2889 2892 2895 2934 2977 3076 3102 3109 3177 3178 3192 3196 3209 3232 3252 3304 3366 3416 3487 3528 3559 3564 3614 3660 3666 3727 3765 3792 3825 3831 3834 3867 3920 3942 4004 4053 4118 4119 4123 4151 4158 4204 4221 4235 4262 4291 4342 4378 4380 4385 4394 4459 4463 4519 4580 4594 4640 4671 4684 4751 4812 4868 4909 4945 4960 5009 5051 5060 5133 5144 5175 5196 5235 5281 6944 6974 6986 6993 6996 7004 7005 7012 7013 7024 7025 7026 7032 7042 7051 7059 7060 7075 7080 7087 7088 7101 7112 7113 7114 7121 7122 7123 7124 7137 7143 7152 7164 7165 7180 7181 7182 7192 7199 7217 7218 7227 7238 7239 7246 7247 7257 7271 7272 7278 7279 7280 7293 7294 7300 7311 7312 7322 7333 7334 7338 7346 7347 7354 7355 7356 7357 7371 7377 7389 7395 7396 7403 7404 7413 7414 7422 7423 7432 7439 7440 7441 7448 7449 7450 7457 7459 7460 7472 7480 7491 7492 7501 7502 7503 7504 7513 7514 7515 7522 7533 7541 7542 7543 7544 7545 7546 7547 7553 7554 7555 7563 7564 7565 7566 7567 7576 7583 7584 7585 7593 7601 7611 7618 7619 7620 7621 7622 7628 7637 7638 7639 7640 7652 7653 7654 7663 7664 7668 7669 7670 7677 7690 7699 7705 7706 7707 7716 7717 7725 7726 7733 7739 7740 7749 7762 7763 7764 7772 7773 7774 7775 7781 7782 7790 7797 7805 7806 7807 7808 7809 7818 7819 7833 7834 7835 7836 7843 7844 7856 7857 7864 7868 7869 7877 7878 7879 7880 7884 7885 7891 7898 7899 7916 7917 7918 7924 7925 7926 7932 7933 7939 7940 7945 7953 7960 7961 7970 7976 7986 7987 7988 7989 7996 8006 8018 8025 8038 8046 8047 8048 8049 8064 8070 8071 8078 8079 8089 8090 8115 8125 8126 8132 8133 8137 8138 8157 8163 8178 8186 8205 8206 8207 8221 8222 8234 8243 8249 8260 8261 8267 8275 8284 8294 8301 8315 8316 8317 8349 8350 8363 8373 8398 8410 8416 8417 8468 8477 8485 8522 8534 8569 8796 13283 13284 17260 17262 
	}
	weather={
		period={
			between={ 1.1 12.8 }
			temperature={ -10.0 35.0 }
			no_phenomenon=1.500
			rain_light=0.250
			rain_heavy=0.100
			snow=0.000
			blizzard=0.000
			arctic_water=0.000
			mud=0.000
			sandstorm=0.000
			min_snow_level=0.000
		}
	}
}
