
strategic_region={
	id=19
	name="STRATEGICREGION_19"
	provinces={
		13403 13461 13622 13662 13675 13688 13878 13881 13931 13940 13957 14017 14083 14085 14087 14132 14192 14228 14259 14316 14358 14389 14499 14507 14616 14660 14699 14704 14745 14753 14812 14915 14916 15051 15093 15100 15116 15257 15294 15297 15312 15315 15316 15357 15361 15396 15413 15433 15457 15492 15498 15507 15513 15520 15531 15538 15543 15576 15626 15632 15638 15653 15735 15767 15777 15834 15867 15874 15891 15916 15948 15988 15996 16016 16025 16055 16171 16232 16258 16275 16318 16328 16350 16352 16353 16358 16375 16661 16662 16670 16671 16676 16677 16680 16688 16693 16694 16702 16704 16705 16710 16711 16713 16720 16721 16724 16727 16729 16730 16731 16733 16734 16745 16750 16754 16757 16758 16769 16774 16779 16788 17255 
	}
	naval_terrain=water_deep_ocean
	weather={
		period={
			between={ 1.1 12.8 }
			temperature={ -10.0 35.0 }
			no_phenomenon=1.500
			rain_light=0.250
			rain_heavy=0.100
			snow=0.000
			blizzard=0.000
			arctic_water=0.000
			mud=0.000
			sandstorm=0.000
			min_snow_level=0.000
		}
	}
}
