
strategic_region={
	id=20
	name="STRATEGICREGION_20"
	provinces={
		31 97 176 268 320 405 437 735 845 920 1222 1407 1412 1532 1548 1626 1759 1796 1822 1825 1951 2084 2099 2114 2175 2320 2333 2432 2547 2573 2792 2814 2858 2982 2985 3149 3163 3321 3489 3589 3616 3674 3682 3709 3739 3798 3893 3964 3986 3987 4027 4195 4414 4429 4498 4560 4604 4646 4685 4768 4828 4948 4955 4994 5029 5138 5217 5248 5277 7586 7594 7623 7655 7665 7679 7791 7845 7893 8197 8250 8257 8285 8309 8318 8325 8335 8351 8364 8365 8374 8375 8380 8386 8402 8403 8411 8418 8419 8428 8455 8456 8471 8486 8502 8503 8510 8519 8530 8547 8548 8560 8574 8579 8580 8587 8599 8600 8604 8605 8621 8631 8649 8650 8658 8668 8669 8670 8692 8715 8725 8747 8764 8768 8775 8798 8799 8800 8805 8813 8817 8830 8835 8848 8861 8909 8910 8911 8927 8937 8956 8957 8965 8966 8977 8978 8986 8991 8999 9006 9016 9019 9025 9035 9045 9046 9047 9056 9064 9072 9081 9086 9092 9112 9113 9118 9123 9128 9150 9183 9189 9212 9247 9248 9253 9258 9259 9270 9281 9283 9304 9317 9374 9382 9404 9410 9424 9445 9446 9476 13282 
	}
	weather={
		period={
			between={ 1.1 12.8 }
			temperature={ -10.0 35.0 }
			no_phenomenon=1.500
			rain_light=0.250
			rain_heavy=0.100
			snow=0.000
			blizzard=0.000
			arctic_water=0.000
			mud=0.000
			sandstorm=0.000
			min_snow_level=0.000
		}
	}
}
