
strategic_region={
	id=20
	name="STRATEGICREGION_20"
	provinces={
		5 130 232 359 376 481 493 590 608 665 750 861 928 1025 1028 1131 1133 1157 1212 1227 1371 1401 1572 1585 1722 1738 1769 1834 1922 1951 1962 2084 2127 2151 2152 2155 2182 2356 2518 2532 2537 2574 2690 2693 2707 2753 2816 3064 3070 3081 3088 3098 3101 3103 3116 3118 3120 3126 3137 3142 3147 3153 3154 3159 3160 3169 3170 3171 3178 3182 3186 3189 3191 3192 3196 3198 3201 3202 3208 3216 3219 3222 3223 3228 3231 3238 3239 3241 3254 3255 3256 3257 3276 3277 3280 3281 3287 3289 3291 3303 3304 3318 3322 3323 3326 3331 3341 3345 3346 3348 3351 3362 3367 3376 3401 3404 5923 
	}
	weather={
	}
}
