
strategic_region={
	id=21
	name="STRATEGICREGION_21"
	provinces={
		3699 13261 13262 13263 13264 13265 13266 13267 13268 13269 13270 13271 13272 13273 13274 13275 13276 13277 13278 13754 14148 14171 14223 14350 14497 14663 14727 14770 14868 14977 15028 15109 15207 15215 15261 15439 15459 15476 15532 15542 15686 15693 15824 15825 16106 16114 16115 16150 16159 16192 16428 16461 16490 16491 16492 16493 16511 17245 17246 17247 17248 17249 17250 17251 17252 17253 
	}
	weather={
		period={
			between={ 1.1 12.8 }
			temperature={ -10.0 35.0 }
			no_phenomenon=1.500
			rain_light=0.250
			rain_heavy=0.100
			snow=0.000
			blizzard=0.000
			arctic_water=0.000
			mud=0.000
			sandstorm=0.000
			min_snow_level=0.000
		}
	}
}
