
strategic_region={
	id=22
	name="STRATEGICREGION_22"
	provinces={
		8 404 446 462 724 785 815 858 952 986 987 990 1209 1248 1254 1267 1291 1368 1372 1439 1457 1642 1648 1717 1814 1877 1947 1999 2097 2210 2242 2395 2569 2593 2621 2669 2683 2695 2705 2836 2853 2869 2870 2951 2976 3095 3233 3281 3286 3323 3341 3415 3426 3511 3512 3518 3672 3737 3778 3787 3807 3832 3872 3977 4062 4115 4135 4226 4373 4379 4384 4441 4473 4504 4577 4610 4659 4667 4686 4734 4738 4834 4907 4913 4954 4993 5101 5128 5236 5238 5275 8945 8996 9040 9044 9058 9076 9091 9100 9108 9109 9137 9138 9143 9154 9161 9165 9174 9178 9179 9185 9195 9209 9210 9211 9235 9236 9241 9242 9250 9260 9261 9274 9277 9278 9287 9288 9296 9301 9302 9309 9310 9311 9315 9316 9320 9321 9324 9332 9335 9340 9341 9343 9344 9345 9346 9352 9355 9356 9363 9364 9373 9376 9384 9385 9390 9391 9395 9396 9401 9402 9408 9415 9420 9421 9422 9423 9427 9428 9435 9437 9438 9441 9453 9457 9458 9459 9464 9465 9470 9472 9482 9483 9485 9486 9487 9488 9489 9492 9493 9498 9499 9503 9511 9514 9518 9519 9525 9526 9527 9528 9532 9538 9543 9548 9556 9563 9570 9571 9575 9576 9577 9580 9583 9592 9594 9595 9596 9603 9610 9611 9622 9623 9634 9640 9643 9651 9652 9656 9659 9665 9670 9683 9687 9688 9689 9709 9710 9726 9744 9760 9769 9785 9798 9807 9808 9822 9833 9836 9841 9869 9877 9921 9930 13300 17272 17277 
	}
	weather={
		period={
			between={ 1.1 12.8 }
			temperature={ -10.0 35.0 }
			no_phenomenon=1.500
			rain_light=0.250
			rain_heavy=0.100
			snow=0.000
			blizzard=0.000
			arctic_water=0.000
			mud=0.000
			sandstorm=0.000
			min_snow_level=0.000
		}
	}
}
