
strategic_region={
	id=23
	name="STRATEGICREGION_23"
	provinces={
		41 81 310 381 424 558 610 766 779 810 1048 1052 1123 1155 1354 1424 1524 1608 1845 2006 2024 2039 2095 2101 2125 2224 2264 2272 2301 2362 2426 2462 2493 2503 2587 2591 2666 2679 2737 2759 2812 3635 3662 3675 3703 3723 3736 3739 3757 3772 3798 3799 3810 3820 3832 3849 3857 3867 3899 3910 3921 3925 3946 3954 3955 3977 3983 3990 3993 4022 4027 4046 4061 4065 4077 4083 4084 4094 4103 4118 4119 4125 4126 4144 4146 4156 4172 4173 4179 4180 4218 4219 4252 4253 4265 
	}
	weather={
	}
}
