
strategic_region={
	id=23
	name="STRATEGICREGION_23"
	provinces={
		191 655 906 1177 1713 1863 1866 2183 2191 2659 2749 3132 3135 3311 3637 3653 3676 3800 3903 4197 4222 4301 4309 4475 4719 5047 5104 5177 9846 9870 9880 9888 9889 9903 9910 9922 9927 9945 9950 9956 9973 9980 9986 9987 10020 10027 10035 10047 10061 10104 10114 10117 10120 10132 10144 10151 10152 10160 10174 10175 10189 10200 10201 10207 10212 10236 10254 10270 10276 10289 10290 17286 
	}
	weather={
		period={
			between={ 1.1 12.8 }
			temperature={ -10.0 35.0 }
			no_phenomenon=1.500
			rain_light=0.250
			rain_heavy=0.100
			snow=0.000
			blizzard=0.000
			arctic_water=0.000
			mud=0.000
			sandstorm=0.000
			min_snow_level=0.000
		}
	}
}
