
strategic_region={
	id=25
	name="STRATEGICREGION_25"
	provinces={
		189 215 236 499 536 604 694 705 735 911 952 974 976 1082 1176 1333 1359 1504 1520 1625 1640 1664 1877 1890 1932 1946 2042 2091 2112 2238 2256 2314 2327 2351 2363 2402 2412 2437 2490 2543 2614 2617 2712 2741 2785 3471 3483 3502 3512 3513 3531 3565 3580 3583 3600 3609 3612 3629 3633 3646 3657 3671 3683 3694 3699 3713 3717 3735 3738 3762 3778 3797 3805 3809 3813 3824 3831 3839 3853 3854 3861 3881 3914 3924 3937 3939 3942 3958 3968 3997 4011 6392 
	}
	weather={
	}
}
