
strategic_region={
	id=26
	name="STRATEGICREGION_26"
	provinces={
		2 3 25 205 253 354 519 613 797 817 962 1012 1255 1284 1373 1378 1489 1594 1791 1860 1973 2396 2415 2449 2474 2530 2830 2936 3154 3345 3350 3379 3380 3403 3424 3481 3707 3856 3895 3897 3932 4177 4236 4492 4642 4644 4649 4901 5182 10034 10077 10102 10103 10116 10136 10156 10165 10194 10195 10199 10227 10234 10235 10241 10242 10258 10268 10269 10282 10300 10308 10309 10323 10326 10358 10372 10386 10387 10393 10400 10419 10427 10428 10439 10440 10452 10461 10462 10470 10471 10472 10477 10484 10498 10499 10506 10507 10518 10519 10523 10524 10531 10538 10544 10560 10561 10584 10585 10592 10593 10605 10606 10636 10637 10641 10650 10656 10666 10676 10681 10682 10689 10702 10706 10727 10732 10742 10743 10755 10756 10772 10773 10778 10792 10797 10798 10802 10803 10804 10826 10835 10854 10867 10868 10887 10896 10907 10908  
	}
	weather={
		period={
			between={ 1.1 12.8 }
			temperature={ -10.0 35.0 }
			no_phenomenon=1.500
			rain_light=0.250
			rain_heavy=0.100
			snow=0.000
			blizzard=0.000
			arctic_water=0.000
			mud=0.000
			sandstorm=0.000
			min_snow_level=0.000
		}
	}
}
