
strategic_region={
	id=26
	name="STRATEGICREGION_26"
	provinces={
		514 725 764 774 792 1008 1087 1098 1153 1199 1277 1329 1368 1370 1405 1413 1470 1489 1496 1654 1655 1694 1748 1800 1936 1952 2214 2311 2420 2534 2561 3996 4005 4026 4034 4035 4045 4050 4053 4060 4071 4072 4073 4076 4082 4093 4102 4105 4109 4117 4123 4124 4132 4135 4143 4151 4155 4163 4168 4169 4170 4171 4176 4181 4182 4185 4203 4204 4210 4215 4216 4217 4236 4245 4248 4256 4259 4260 4261 4271 4278 4281 4288 4294 4310 4320 6399 6402 
	}
	weather={
	}
}
