
strategic_region={
	id=27
	name="STRATEGICREGION_27"
	provinces={
		133 647 675 773 830 935 1075 1097 1161 1218 1253 1340 1351 1509 1540 1596 1604 1649 1661 1737 1821 1886 1894 2041 2057 2227 2230 2248 2296 2364 2414 2428 2431 2439 2513 2557 2616 2644 2665 2695 2750 2763 2788 2826 4311 4321 4345 4363 4366 4370 4372 4386 4400 4401 4412 4420 4433 4438 4468 4472 4477 4495 4501 4502 4533 4534 4535 4536 4538 4547 4551 4563 4565 4566 4569 4584 4594 4608 4610 4611 4625 4629 4630 4631 4644 4645 4653 4657 4670 4679 4682 4690 4699 4705 4706 4713 6404 
	}
	weather={
	}
}
