
strategic_region={
	id=27
	name="STRATEGICREGION_27"
	provinces={
		423 827 939 956 1025 2079 2352 2442 2608 2663 2710 2791 3410 3593 4167 4621 4731 5215 10549 10550 10551 10575 10576 10583 10589 10590 10608 10611 10620 10635 10652 10675 10695 10716 10725 10726 10763 10771 10777 10785 10801 10814 10824 10825 10859 10865 10866 10886 10894 10952 16062 
	}
	weather={
		period={
			between={ 1.1 12.8 }
			temperature={ -10.0 35.0 }
			no_phenomenon=1.500
			rain_light=0.250
			rain_heavy=0.100
			snow=0.000
			blizzard=0.000
			arctic_water=0.000
			mud=0.000
			sandstorm=0.000
			min_snow_level=0.000
		}
	}
}
