
strategic_region={
	id=3
	name="STRATEGICREGION_3"
	provinces={
		395 501 502 615 616 694 812 838 944 1068 1116 1130 1258 1346 1404 1405 1517 1527 1623 1727 1736 1834 2152 2159 2177 2180 2199 2204 2278 2364 2484 2604 2620 2627 2886 2927 2937 2959 3140 3173 3229 3383 3404 3449 3466 3602 3652 3670 3748 3811 3822 3993 3996 4064 4073 4141 4193 4312 4366 4400 4407 4415 4420 4482 4572 4609 4634 4635 4775 4780 4798 5071 8124 8185 8218 8219 8220 8233 8242 8248 8274 8293 8307 8314 8322 8323 8333 8334 8344 8356 8369 8370 8371 8372 8385 8394 8395 8396 8397 8414 8415 8425 8426 8427 8431 8447 8452 8453 8462 8467 8476 8484 8492 8498 8508 8518 8529 8533 8544 8552 8553 8557 8558 8566 8567 8568 8593 8594 8595 8603 8613 8614 8615 8616 8620 8627 8639 8646 8647 8664 8665 8666 8676 8677 8681 8682 8683 8691 8699 8707 8710 8711 8722 8723 8731 8732 8738 8750 8751 8752 8760 8766 8772 8773 8779 8780 8781 8785 8790 8794 8795 8803 8815 8816 8822 8827 8828 8833 8844 8845 8846 8847 8858 8859 8864 8865 8871 8872 8877 8878 8879 8889 8902 8903 8904 8915 8916 8917 8946 8947 8948 8953 8959 8973 8974 9003 9013 9017 9032 9051 9059 9060 9084 9106 
	}
	weather={
		period={
			between={ 1.1 12.8 }
			temperature={ -10.0 35.0 }
			no_phenomenon=1.500
			rain_light=0.250
			rain_heavy=0.100
			snow=0.000
			blizzard=0.000
			arctic_water=0.000
			mud=0.000
			sandstorm=0.000
			min_snow_level=0.000
		}
	}
}
