
strategic_region={
	id=3
	name="STRATEGICREGION_3"
	provinces={
		28 103 195 357 434 563 715 747 804 844 857 979 1003 1065 1186 1203 1268 1280 1306 1358 1391 1406 1495 1510 1581 1614 1761 1793 1814 1820 1895 1910 1985 1988 2014 2047 2054 2115 2130 2320 2346 2379 2403 2415 2449 2456 2489 2505 2536 2545 2622 2635 2725 2773 2791 2901 2909 2916 2917 2920 2922 2924 2926 2927 2930 2931 2935 2936 2937 2940 2943 2945 2946 2948 2949 2951 2953 2954 2956 2960 2963 2967 2968 2972 2973 2975 2978 2980 2982 2985 2987 2993 2994 2997 2998 3002 3003 3004 3008 3010 3012 3014 3021 3024 3025 3026 3034 3036 3037 3038 3044 3061 3062 3063 3068 3076 3078 3080 3082 3083 3095 3096 3097 3099 3100 3106 3112 3113 3119 3123 3128 3139 5569 6388 6389 
	}
	weather={
	}
}
