
strategic_region={
	id=31
	name="STRATEGICREGION_31"
	provinces={
		77 197 292 373 379 408 460 644 676 697 719 808 889 910 934 1062 1146 1184 1213 1231 1252 1318 1319 1322 1402 1440 1446 1518 1551 1586 1609 1616 1623 1624 1631 1657 1665 1711 1760 1857 1874 1929 1949 1978 1992 2001 2098 2124 2165 2192 2232 2276 2284 2304 2309 2397 2422 2492 2504 2510 2521 2529 2615 2762 2764 3788 3796 3829 3830 3845 3848 3852 3856 3860 3866 3870 3877 3878 3879 3882 3883 3884 3889 3895 3898 3902 3909 3916 3917 3920 3922 3923 3930 3936 3941 3944 3945 3950 3951 3953 3966 3967 3973 3974 3976 3989 3992 3994 3995 4000 4009 4010 4017 4018 4024 4039 4044 4049 4052 4058 4059 4069 4070 4092 4095 4096 4101 4104 4115 4116 4131 4134 4136 4141 4145 4150 4154 4161 4165 4167 4174 4175 4195 4196 4202 4208 4209 4213 4231 4234 4266 4293 4295 4296 4323 4324 4337 6398 6400 
	}
	weather={
	}
}
