
strategic_region={
	id=32
	name="STRATEGICREGION_32"
	provinces={
		33 48 63 67 179 194 242 268 374 528 583 653 662 692 751 807 866 871 878 1034 1057 1061 1091 1150 1223 1230 1238 1290 1308 1309 1334 1337 1361 1390 1433 1606 1615 1629 1639 1685 1689 1715 1802 1873 1927 1984 2117 2181 2216 2251 2286 2318 2348 2354 2383 2389 2404 2446 2484 2555 2585 2586 2669 2711 2729 2752 2756 2769 2776 2824 3266 3299 3316 3317 3336 3340 3344 3359 3372 3373 3385 3395 3400 3407 3409 3410 3411 3416 3420 3425 3428 3430 3432 3435 3436 3448 3453 3458 3463 3467 3470 3475 3476 3477 3478 3491 3498 3501 3506 3510 3511 3519 3526 3527 3530 3536 3537 3538 3547 3550 3551 3552 3557 3561 3562 3570 3572 3579 3582 3586 3590 3591 3595 3596 3615 3616 3617 3619 3624 3625 3627 3628 3630 3641 3642 3651 3653 3654 3656 3661 3670 3674 3682 3687 3693 3697 3698 3709 3710 3711 3712 3715 3716 3727 3728 3746 3747 3750 3751 3752 3756 3761 3765 3770 3771 3775 3789 3792 3795 3802 3803 3804 3815 3819 6393 6396 
	}
	weather={
	}
}
