
strategic_region={
	id=34
	name="STRATEGICREGION_34"
	provinces={
		122 302 356 389 464 602 610 676 911 916 1086 1180 1357 1427 1451 1563 1685 1702 1719 1771 1806 1921 1931 2020 2108 2138 2222 2225 2568 2598 2664 2765 2784 2825 2888 3068 3103 3115 3180 3222 3276 3313 3351 3406 3450 3502 3680 3802 3884 3890 3914 4041 4075 4198 4455 4464 4507 4562 4708 4713 4818 5002 5021 5202 10752 10761 10768 10769 10790 10795 10812 10819 10823 10832 10838 10851 10852 10853 10870 10876 10880 10884 10885 10905 10906 10912 10919 10920 10926 10937 10942 10945 10955 10958 10969 10973 10974 10980 10989 10990 10995 10996 10997 11008 11012 11018 11023 11033 11034 11046 11047 11056 11057 11065 11070 11075 11078 11079 11081 11084 11085 11098 11099 11102 11103 11116 11117 11123 11124 11133 11134 11137 11148 11149 11153 11158 11159 11163 11164 11165 11181 11183 11184 11185 11198 11202 11208 11221 11222 11226 11242 11247 11259 11260 11263 11264 11272 11276 11279 11293 11294 11299 11313 11316 11324 11325 11326 11338 11343 11353 11365 11366 11377 11401 11405 11406 11407 11424 11429 11435 11476 
	}
	weather={
		period={
			between={ 1.1 12.8 }
			temperature={ 34.0 42.0 }
			no_phenomenon=1.500
			rain_light=0.060
			rain_heavy=0.100
			snow=0.000
			blizzard=0.000
			arctic_water=0.000
			mud=0.000
			sandstorm=0.030
			min_snow_level=0.000
		}
	}
}
