
strategic_region={
	id=35
	name="STRATEGICREGION_35"
	provinces={
		71 295 402 419 553 635 753 756 1096 1156 1189 1491 1677 1686 1797 1892 2053 2129 2265 2304 2319 2337 2378 2387 2511 2537 2687 2799 2802 3097 3105 3112 3183 3238 3282 3361 3472 3483 3663 3668 3698 3732 3819 3881 4034 4038 4071 4136 4232 4277 4279 4284 4344 4349 4477 4517 4567 4584 4615 4777 4854 5258 11268 11269 11280 11282 11296 11297 11298 11305 11309 11317 11332 11333 11344 11354 11368 11378 11380 11383 11395 11398 11408 11414 11419 11430 11436 11450 11460 11464 11477 11478 11481 11486 11490 11491 11492 11499 11505 11506 11511 11512 11522 11527 11533 11534 11540 11553 11560 11568 11578 11582 11589 11597 11601 11608 11616 11620 11627 11628 11635 11636 11637 11657 11658 11669 11670 11671 11672 11675 11690 11691 11698 11706 11707 11708 11709 11719 11729 11730 11753 11761 11767 11768 11785 11786 11793 11794 11803 11808 11809 11820 11821 11826 11828 11832 11835 11838 11847 11854 11857 11860 11866 11873 11874 11877 11880 11882 11895 11900 11901 11903 11906 11911 11918 11922 11923 11924 11928 11936 11937 11949 11952 11963 11964 
	}
	weather={
		period={
			between={ 1.1 12.8 }
			temperature={ 41.0 46.0 }
			no_phenomenon=5.000
			rain_light=0.250
			rain_heavy=0.100
			snow=0.000
			blizzard=0.000
			arctic_water=0.000
			mud=0.000
			sandstorm=0.000
			min_snow_level=0.000
		}
	}
}
