
strategic_region={
	id=36
	name="STRATEGICREGION_36"
	provinces={
		235 280 330 1036 1529 2419 2553 2897 3063 3093 3139 3203 3274 3278 3809 3855 3930 4171 4638 4645 5219 5225 11388 11394 11397 11413 11425 11455 11463 11494 11495 11504 11520 11521 11526 11545 11546 11558 11559 11563 11567 11577 11580 11581 11588 11595 11596 11614 11615 11624 11634 11646 11647 11656 11663 11668 11674 11683 11686 11689 11704 11705 11718 11740 11741 11745 11752 11780 
	}
	weather={
		period={
			between={ 1.1 12.8 }
			temperature={ 23.0 30.0 }
			no_phenomenon=1.500
			rain_light=0.250
			rain_heavy=0.100
			snow=0.000
			blizzard=0.000
			arctic_water=0.000
			mud=0.000
			sandstorm=0.000
			min_snow_level=0.000
		}
	}
}
