
strategic_region={
	id=37
	name="STRATEGICREGION_37"
	provinces={
		111 155 416 476 609 960 974 1043 1086 1147 1191 1214 1396 1399 1485 1519 1568 1787 1846 1882 1979 2072 2088 2091 2372 2401 2454 2693 2781 2903 2945 3007 3157 3218 3245 3401 3725 3799 4003 4022 4072 4155 4213 4250 4288 4758 4905 5176 5189 5272 10619 10626 10627 10649 10665 10680 10688 10704 10705 10715 10722 10731 10746 10762 10770 10796 10861 10871 10877 10878 10881 10901 10902 10917 10921 10928 10951 10956 10966 10970 10985 10986 10991 10992 11019 11020 11024 11029 11048 11051 11058 11066 11090 11094 11104 11109 11111 11112 11113 11128 11141 11142 11156 11166 11167 11177 11178 11189 11190 11193 11203 11209 11210 11223 11224 11231 11232 11239 11248 11288 11289 11300 11308 11314 11327 11350 11367 13328 13331 17297 
	}
	weather={
		period={
			between={ 1.1 12.8 }
			temperature={ 19.0 33.0 }
			no_phenomenon=1.500
			rain_light=0.250
			rain_heavy=0.100
			snow=0.000
			blizzard=0.000
			arctic_water=0.000
			mud=0.000
			sandstorm=0.000
			min_snow_level=0.000
		}
	}
}
