
strategic_region={
	id=38
	name="STRATEGICREGION_38"
	provinces={
		2 3 5 7 106 173 530 798 1220 1232 1293 1573 1820 1933 1948 2054 2172 2208 2220 2742 2863 3025 3544 3888 3932 3947 4020 4265 4557 4772 5048 5084 10253 10287 10318 10322 10329 10343 10344 10345 10346 10365 10374 10375 10382 10385 10386 10392 10399 10402 10403 10406 10407 10408 10413 10414 10423 10426 10427 10436 10437 10438 10444 10445 10447 10451 10460 10465 10469 10476 10483 10488 10493 10505 10506 10512 10516 10517 10530 10537 10542 10548 10559 10568 10574 10582 10588 10599 10607 10610 10634 
	}
	weather={
		period={
			between={ 1.1 12.8 }
			temperature={ -10.0 35.0 }
			no_phenomenon=1.500
			rain_light=0.250
			rain_heavy=0.100
			snow=0.000
			blizzard=0.000
			arctic_water=0.000
			mud=0.000
			sandstorm=0.000
			min_snow_level=0.000
		}
	}
}
