
strategic_region={
	id=39
	name="STRATEGICREGION_39"
	provinces={
		54 389 610 1324 1435 1576 1663 2785 3087 3230 3307 3434 3443 3848 3972 4505 4568 4616 4693 4784 5033 5072 5163 5173 5231 10468 10482 10528 10529 10566 10587 10616 10617 10629 10640 10648 10662 10663 10674 10678 10679 10685 10713 10714 10719 10720 10721 10724 10738 10753 10754 10776 10791 10813 10833 10834 10853 10858 10893 10927 10938 17296 
	}
	weather={
		period={
			between={ 1.1 12.8 }
			temperature={ -10.0 35.0 }
			no_phenomenon=1.500
			rain_light=0.250
			rain_heavy=0.100
			snow=0.000
			blizzard=0.000
			arctic_water=0.000
			mud=0.000
			sandstorm=0.000
			min_snow_level=0.000
		}
	}
}
