
strategic_region={
	id=4
	name="STRATEGICREGION_4"
	provinces={
		135 186 810 862 1027 1098 1464 1746 1832 1932 2001 2228 2491 2555 2661 2748 2788 3440 3445 3468 3473 3479 3495 3733 3828 4088 4219 4224 4417 4943 5028 5074 5099 5143 5181 5226 8509 8559 8596 8684 8719 8724 8753 8774 8811 8823 8860 8905 8906 8954 8960 8961 8982 8998 9004 9005 9014 9033 9052 9053 9066 9077 9078 9101 9102 9103 9107 9116 9120 9121 9125 9134 9139 9144 9145 9151 9155 9156 9157 9166 9175 9180 9181 9192 9196 9215 9216 9217 9222 9223 9237 9251 9257 9282 9303 9312 9329 9357 
	}
	weather={
		period={
			between={ 1.1 12.8 }
			temperature={ -10.0 35.0 }
			no_phenomenon=1.500
			rain_light=0.250
			rain_heavy=0.100
			snow=0.000
			blizzard=0.000
			arctic_water=0.000
			mud=0.000
			sandstorm=0.000
			min_snow_level=0.000
		}
	}
}
