
strategic_region={
	id=41
	name="STRATEGICREGION_41"
	provinces={
		52 278 441 572 698 867 988 998 1054 1153 1316 1385 1571 1754 1983 2139 2179 2270 2798 2817 2980 3371 3377 3500 3978 4048 4178 4448 4669 5102 9914 9926 9944 9955 9958 9989 9990 10018 10023 10024 10030 10058 10064 10071 10092 10099 10100 10112 10135 10173 10182 10183 10186 10211 10223 10224 10244 10250 10251 10260 10261 10266 10273 10286 10297 10306 10315 10325 10331 10359 10381 10391 10398 10418 10431 10435 10443 17288 17294 
	}
	weather={
		period={
			between={ 1.1 12.8 }
			temperature={ -10.0 35.0 }
			no_phenomenon=1.500
			rain_light=0.250
			rain_heavy=0.100
			snow=0.000
			blizzard=0.000
			arctic_water=0.000
			mud=0.000
			sandstorm=0.000
			min_snow_level=0.000
		}
	}
}
