
strategic_region={
	id=46
	name="STRATEGICREGION_46"
	provinces={
		10 14 17 22 24 32 47 304 309 601 912 1059 1154 1274 1328 1476 1887 1898 2080 2207 2275 2280 2394 2586 2615 2716 2720 2805 2923 2924 3062 3089 3151 3256 3316 3457 3526 3554 3650 3658 3718 3780 4012 4013 4057 4124 4126 4285 4553 4559 4630 4754 4885 4970 9682 9696 9703 9708 9715 9719 9725 9736 9740 9741 9742 9743 9762 9763 9774 9783 9784 9793 9797 9806 9810 9817 9827 9832 9845 9858 9859 9867 9868 9873 9876 9902 9909 9915 9916 9920 9929 9933 9938 9949 9964 9968 9969 9983 9984 9985 9991 9997 10008 10019 10025 10026 10031 10032 10038 10041 10053 10060 10066 10072 10089 10090 10109 10113 10123 10124 10143 10155 10159 10188 10193 10206 10218 10246 10247 10288 10307 13303 
	}
	weather={
		period={
			between={ 1.1 12.8 }
			temperature={ -10.0 35.0 }
			no_phenomenon=1.500
			rain_light=0.250
			rain_heavy=0.100
			snow=0.000
			blizzard=0.000
			arctic_water=0.000
			mud=0.000
			sandstorm=0.000
			min_snow_level=0.000
		}
	}
}
