
strategic_region={
	id=48
	name="STRATEGICREGION_48"
	provinces={
		23 26 153 220 230 249 258 263 286 318 396 459 475 712 744 760 839 1040 1145 1193 1195 1217 1224 1241 1250 1288 1358 1370 1431 1483 1495 1544 1555 1617 1650 1656 1664 1675 1730 1772 1802 1895 1904 1958 1981 2009 2031 2040 2057 2082 2117 2166 2178 2200 2223 2231 2260 2330 2416 2424 2488 2499 2516 2544 2623 2675 2681 2685 2714 2727 2850 2913 3002 3049 3125 3160 3168 3244 3289 3356 3357 3376 3407 3501 3506 3529 3539 3586 3609 3817 3838 3844 3880 3935 3939 4023 4024 4069 4089 4131 4165 4311 4351 4358 4360 4461 4467 4468 4564 4599 4611 4651 4729 4789 4827 4925 4928 4939 4951 4998 5020 5040 5184 5232 8551 8564 8584 8590 8591 8612 8626 8638 8644 8645 8653 8674 8680 8689 8698 8705 8706 8709 8728 8729 8730 8737 8743 8744 8748 8749 8759 8771 8778 8784 8801 8802 8809 8810 8821 8826 8839 8840 8841 8842 8843 8852 8853 8857 8870 8882 8883 8896 8897 8898 8901 8914 8922 8930 8931 8932 8943 8944 8950 8951 8952 8958 8979 8980 8981 8988 8994 8995 9001 9002 9010 9011 9012 9027 9028 9029 9030 9031 9039 9043 9049 9050 9061 9082 9083 9098 9099 9105 9124 9132 9133 9136 9160 9163 9164 9171 9173 9177 9184 9191 9194 9200 9201 9202 9203 9214 9219 9221 9226 9230 9231 9232 9233 9234 9240 9254 9255 9256 9264 9265 9266 9271 9272 9273 9276 9285 9286 9295 9300 9307 9308 9319 9323 9331 9333 9334 9339 9342 9349 9351 9362 9368 9372 9375 9378 9379 9383 9389 9394 9399 9400 9405 9406 9407 9411 9412 9413 9414 9417 9425 9426 9434 9436 9447 9448 9449 9450 9452 9456 9466 9469 9471 9479 9480 9494 9502 9512 9513 9523 9524 9531 9537 9550 9552 9560 9561 9562 9569 9579 9593 9602 9607 9608 9619 9633 9637 9639 9650 9681 
	}
	weather={
		period={
			between={ 1.1 12.8 }
			temperature={ -10.0 35.0 }
			no_phenomenon=1.500
			rain_light=0.250
			rain_heavy=0.100
			snow=0.000
			blizzard=0.000
			arctic_water=0.000
			mud=0.000
			sandstorm=0.000
			min_snow_level=0.000
		}
	}
}
