
strategic_region={
	id=49
	name="STRATEGICREGION_49"
	provinces={
		49 87 116 178 236 273 285 288 348 370 379 491 507 548 550 614 732 739 763 770 816 861 863 864 876 882 947 993 1007 1069 1072 1075 1133 1169 1182 1213 1216 1228 1280 1306 1331 1408 1500 1533 1583 1605 1610 1652 1695 1709 1739 1760 1859 1873 1879 1896 1901 1952 1980 2026 2089 2116 2126 2130 2148 2162 2165 2171 2203 2224 2230 2250 2287 2297 2325 2377 2420 2451 2468 2479 2490 2513 2616 2622 2633 2648 2652 2657 2712 2725 2800 2812 2851 2930 2942 2943 2947 2969 3030 3047 3051 3075 3084 3119 3142 3169 3208 3211 3212 3219 3231 3257 3258 3269 3293 3418 3459 3461 3516 3519 3520 3533 3549 3568 3595 3605 3628 3701 3723 3797 3849 3862 3864 3891 3923 3969 3970 3985 3989 4025 4047 4117 4149 4237 4240 4292 4322 4331 4339 4397 4401 4408 4581 4589 4608 4633 4657 4682 4683 4689 4694 4695 4737 4761 4773 4776 4779 4846 4850 4866 4871 4921 4935 5005 5007 5035 5041 5113 5201 5224 5234 5257 5274 6755 6927 6928 6934 6950 6959 6970 6971 6981 6982 6983 6984 7009 7030 7039 7047 7048 7064 7078 7096 7097 7107 7108 7120 7130 7131 7132 7159 7160 7170 7176 7177 7185 7186 7187 7188 7208 7213 7214 7222 7223 7224 7225 7235 7244 7254 7255 7275 7289 7290 7291 7297 7305 7306 7319 7320 7330 7336 7366 7367 7368 7369 7370 7385 7386 7393 7399 7417 7418 7419 7429 7430 7437 7445 7446 7454 7458 7470 7476 7477 7478 7479 7486 7487 7512 7519 7520 7532 7540 7551 7560 7561 7562 7574 7589 7590 7591 7597 7598 7599 7600 7616 7617 7634 7635 7643 7650 7659 7660 7667 7675 7687 7688 7689 7696 7697 7698 7703 7712 7713 7714 7715 7721 7722 7723 7732 7735 7736 7737 7747 7748 7752 7758 7759 7760 7769 7770 7780 7788 7789 7796 7802 7803 7804 7816 7817 7824 7825 7826 7830 7831 7832 7841 7842 7853 7854 7855 7861 7862 7863 7867 7875 7876 7883 7889 7890 7909 7912 7913 7914 7915 7923 7935 7936 7937 7944 7951 7952 7957 7958 7959 7967 7968 7969 7983 7984 7985 7993 7994 7995 7998 8005 8015 8016 8017 8022 8023 8024 8031 8037 8044 8045 8054 8055 8061 8062 8063 8076 8077 8087 8088 8095 8096 8105 8106 8109 8110 8111 8112 8113 8114 8121 8122 8123 8136 8145 8146 8147 8154 8155 8156 8162 8167 8168 8174 8175 8176 8177 8182 8183 8184 8189 8196 8203 8204 8215 8216 8217 8225 8226 8237 8238 8239 8240 8241 8247 8254 8255 8264 8265 8266 8270 8271 8272 8273 8282 8283 8290 8291 8292 8300 8312 8313 8329 8330 8331 8332 8341 8342 8343 8355 8362 8378 8390 8391 8392 8393 8409 8423 8424 8430 8446 8460 8461 8466 8474 8475 8483 8491 8516 8517 8527 8528 8532 8543 8565 8585 8592 8619 8654 8655 8675 8690 8718 
	}
	weather={
		period={
			between={ 1.1 12.8 }
			temperature={ -1.0 19.0 }
			no_phenomenon=1.500
			rain_light=0.250
			rain_heavy=0.100
			snow=0.000
			blizzard=0.000
			arctic_water=0.000
			mud=0.000
			sandstorm=0.000
			min_snow_level=0.000
		}
	}
}
