
strategic_region={
	id=50
	name="STRATEGICREGION_50"
	provinces={
		82 92 147 193 210 251 264 277 384 517 522 571 575 611 759 879 886 929 932 951 1052 1092 1102 1179 1207 1226 1257 1264 1320 1335 1361 1402 1403 1440 1472 1521 1549 1586 1596 1624 1654 1762 1773 1775 1780 1793 1826 1918 1941 1961 1965 1968 1982 2101 2115 2128 2131 2158 2185 2221 2239 2241 2247 2274 2277 2359 2373 2379 2456 2460 2481 2529 2629 2642 2677 2679 2724 2747 2831 2916 2941 2998 3021 3054 3111 3128 3195 3202 3391 3420 3550 3572 3636 3641 3649 3665 3669 3678 3703 3712 3729 3772 3804 3810 3910 3917 3950 3976 4016 4087 4094 4101 4205 4208 4280 4304 4398 4406 4424 4456 4470 4483 4540 4551 4555 4586 4602 4654 4661 4663 4704 4710 4716 4742 4749 4786 4802 4809 4880 4912 4920 4946 4966 5001 5004 5010 5055 5057 5085 5098 5114 5126 5147 5254 5266 6362 6364 6373 6417 6426 6438 6439 6445 6463 6484 6485 6494 6495 6500 6501 6521 6522 6532 6533 6534 6540 6541 6542 6543 6555 6576 6583 6592 6593 6594 6595 6600 6601 6611 6612 6613 6614 6615 6631 6632 6640 6655 6656 6657 6666 6667 6671 6672 6681 6682 6683 6684 6702 6707 6708 6714 6720 6721 6722 6737 6738 6739 6745 6746 6747 6759 6771 6776 6777 6791 6797 6798 6804 6805 6812 6813 6814 6815 6824 6825 6826 6832 6833 6840 6841 6849 6853 6857 6866 6867 6868 6869 6874 6875 6880 6885 6886 6887 6906 6908 6909 6910 6914 6915 6920 6921 6922 6930 6931 6936 6937 6938 6946 6947 6954 6955 6956 6963 6976 6977 6988 6989 6994 6999 7006 7007 7008 7034 7035 7036 7054 7068 7069 7070 7082 7092 7093 7104 7117 7134 7135 7139 7144 7155 7156 7157 7168 7195 7197 7221 7229 7259 7265 7302 7359 7378 7397 7425 7463 7481 7516 7517 7525 7578 7595 7596 7644 7656 7708 7709 7728 7793 7794 7810 7837 7838 7848 7859 7865 7871 7881 7901 7902 7903 7919 7927 7942 7947 7948 7955 7962 7977 8000 8009 8019 8020 8033 8040 8050 8072 8073 8074 8080 8081 8101 8128 8129 8139 8140 8159 8187 8198 8199 8228 8235 8244 8268 8276 8277 8327 8338 8366 8367 8382 8383 8387 8404 8405 8406 8433 8434 8439 8458 8488 8489 8494 8495 8520 8537 8538 8575 8581 
	}
	weather={
		period={
			between={ 1.1 12.8 }
			temperature={ -10.0 14.0 }
			no_phenomenon=1.500
			rain_light=0.250
			rain_heavy=0.100
			snow=1.000
			blizzard=1.000
			arctic_water=0.000
			mud=0.000
			sandstorm=0.000
			min_snow_level=1.000
		}
	}
}
