
strategic_region={
	id=51
	name="STRATEGICREGION_51"
	provinces={
		93 117 159 332 469 703 781 796 834 1141 1148 1237 1537 1559 1630 1746 1783 1794 1807 1810 1856 1880 1916 2010 2031 2198 2203 2344 2350 2358 2411 2592 2593 2730 4153 4207 4226 4280 4302 4322 4328 4348 4353 4354 4375 4380 4384 4396 4403 4408 4411 4413 4435 4439 4446 4447 4455 4463 4464 4467 4486 4490 4503 4504 4523 4524 4532 4545 4556 4559 4564 4572 4576 4577 4579 4580 4592 4598 4602 4614 4619 4620 4627 4633 4647 4651 4655 4661 4665 4674 4701 6408 
	}
	weather={
	}
}
