
strategic_region={
	id=52
	name="STRATEGICREGION_52"
	provinces={
		27 122 309 382 383 397 466 599 798 826 865 882 914 939 972 998 1032 1076 1126 1171 1210 1243 1245 1259 1263 1270 1434 1473 1503 1507 1642 1693 1708 1717 1721 1743 1773 1790 1829 1837 1855 1919 1961 1986 2111 2205 2252 2293 2427 2435 2453 2506 2523 2552 2600 2604 2662 2685 2697 2795 4667 4681 4685 4710 4716 4730 4734 4748 4755 4761 4773 4780 4791 4797 4800 4808 4829 4842 4843 4844 4862 4877 4899 4904 4910 4913 4920 4924 4927 4928 4931 4944 4947 4948 4955 4980 4985 4989 4997 4998 5005 5008 5009 5015 5018 5019 5021 5024 5026 5030 5031 5033 5034 5040 5044 5045 5058 5060 5067 5068 5073 5074 5077 5085 5087 5088 5091 5092 5093 5101 5104 5105 5114 5115 5123 5129 5132 5138 5155 5158 5159 5164 5165 5166 5169 5176 5181 5191 6409 
	}
	weather={
	}
}
