
strategic_region={
	id=55
	name="STRATEGICREGION_55"
	provinces={
		23 25 140 306 443 452 474 482 510 545 568 649 707 729 740 741 815 832 858 873 913 918 963 1027 1039 1067 1136 1143 1188 1190 1228 1327 1360 1388 1422 1494 1511 1554 1620 1637 1660 1705 1745 1792 1808 1846 1940 1953 1977 2071 2074 2167 2190 2321 2337 2360 2390 2395 2468 2477 2568 2628 2631 2736 2738 2805 2832 4373 4391 4402 4404 4409 4425 4426 4431 4432 4434 4445 4458 4462 4466 4481 4488 4489 4497 4498 4499 4508 4513 4514 4522 4526 4527 4531 4543 4544 4554 4555 4558 4561 4562 4571 4586 4587 4590 4596 4597 4601 4604 4612 4613 4618 4623 4624 4626 4635 4640 4641 4646 4650 4654 4659 4660 4671 4672 4673 4680 4691 4697 4698 4700 4707 4709 4714 4722 4723 4732 4733 4746 4753 4754 4758 4764 4768 4777 4779 4784 4786 4794 4815 4816 4818 4850 4851 4864 4885 4908 6407 
	}
	weather={
	}
}
