
strategic_region={
	id=56
	name="STRATEGICREGION_56"
	provinces={
		13392 13661 13755 13902 13981 14262 14386 14482 14859 14993 15038 15089 15121 15247 15303 15384 15406 15446 15458 15552 15621 15700 15856 15872 15935 15978 16061 16153 16154 16172 16178 16193 16250 16336 16363 16455 16723 16732 16737 16746 16760 16771 16784 16790 16791 16795 16803 16807 16814 16819 16827 16842 16845 16865 17281 
	}
	naval_terrain=water_fjords
	weather={
		period={
			between={ 1.1 12.8 }
			temperature={ -10.0 35.0 }
			no_phenomenon=1.500
			rain_light=0.250
			rain_heavy=0.100
			snow=0.000
			blizzard=0.000
			arctic_water=0.000
			mud=0.000
			sandstorm=0.000
			min_snow_level=0.000
		}
	}
}
