
strategic_region={
	id=56
	name="STRATEGICREGION_56"
	provinces={
		24 152 222 256 377 458 550 597 677 712 753 802 841 856 991 1073 1149 1162 1187 1233 1303 1392 1455 1570 1622 1674 1679 1704 1730 1898 1906 1925 2013 2120 2200 2201 2221 2235 2261 2372 2481 2514 2522 2564 2571 2572 2610 2675 2687 2757 2765 2819 4591 4684 4693 4715 4718 4719 4724 4729 4737 4742 4747 4759 4760 4762 4765 4778 4790 4813 4828 4835 4840 4841 4861 4866 4871 4872 4888 4898 4901 4912 4926 4933 4934 4938 4939 4954 4966 4972 4979 4981 4996 5002 5014 5029 5039 5082 5099 5103 5108 5126 5128 5137 5146 5157 5168 5185 5206 5223 5233 6411 
	}
	weather={
	}
}
