
strategic_region={
	id=57
	name="STRATEGICREGION_57"
	provinces={
		4 74 89 170 259 359 386 412 415 425 445 465 468 469 490 503 514 525 535 558 566 570 598 612 628 651 664 686 699 725 734 765 800 873 889 938 982 1065 1089 1123 1142 1146 1161 1181 1186 1205 1236 1237 1251 1262 1269 1273 1301 1344 1376 1389 1447 1511 1512 1541 1543 1558 1570 1581 1595 1597 1601 1689 1723 1732 1749 1786 1807 1839 1840 1842 1848 1871 1878 1881 1926 1978 1992 1996 2046 2074 2136 2157 2174 2176 2182 2195 2219 2235 2252 2267 2342 2360 2374 2380 2397 2398 2433 2435 2459 2470 2477 2509 2515 2524 2535 2567 2587 2589 2590 2649 2674 2707 2729 2734 2750 2760 2774 2782 2783 2834 2839 2849 2864 2868 2917 2921 2938 2939 2955 2961 2978 2979 2990 3001 3024 3029 3056 3057 3058 3146 3161 3214 3235 3306 3320 3331 3378 3387 3411 3503 3587 3590 3599 3603 3625 3654 3662 3671 3704 3705 3720 3763 3774 3776 3790 3818 3858 3868 3879 3896 3918 3924 3943 4011 4014 4049 4144 4184 4196 4227 4254 4266 4295 4319 4330 4359 4361 4377 4381 4386 4387 4402 4404 4437 4444 4548 4565 4569 4595 4622 4631 4691 4700 4711 4718 4727 4805 4810 4823 4860 4929 4965 4977 4988 5013 5018 5025 5045 5073 5081 5122 5131 5164 5194 5199 5216 5230 5244 5268 5270 5278 8166 8231 8279 8306 8310 8339 8384 8407 8442 8443 8444 8449 8464 8465 8473 8480 8481 8496 8497 8513 8514 8521 8524 8539 8540 8541 8549 8561 8570 8571 8576 8588 8589 8601 8602 8607 8608 8609 8610 8618 8623 8633 8634 8635 8636 8640 8641 8651 8662 8673 8679 8687 8695 8716 8720 8721 8726 8727 8735 8736 8739 8740 8754 8755 8756 8765 8769 8776 8782 8783 8793 8806 8807 8814 8818 8819 8825 8831 8832 8836 8849 8850 8856 8862 8866 8867 8868 8869 8875 8876 8881 8884 8885 8886 8887 8888 8893 8894 8895 8899 8900 8913 8919 8920 8921 8928 8929 8938 8939 8940 8941 8942 8967 8968 8969 8971 8972 8987 8992 8993 9000 9008 9009 9026 9036 9037 9038 9048 9057 9073 9074 9075 9087 9088 9089 9090 9095 9097 9114 9115 9119 9129 9130 9131 9142 9152 9153 9159 9190 9193 9249 9371 9506 9568 9574 9591 9605 9606 9649 9662 9663 9669 9677 9678 9679 9693 9714 9739 9747 9759 9767 9780 9781 9787 9788 9796 9814 9815 9818 9826 9830 9839 9850 9854 9855 9864 9878 9891 9895 9899 9900 9907 9918 9919 9928 9932 9934 9935 9936 9943 9959 9963 9978 9979 9994 9995 10005 10006 10013 10016 10017 10037 10044 10045 10048 10049 10050 10057 10070 10074 10081 10084 10085 10086 10091 10098 10119 10121 10122 10127 10128 10129 10130 10134 10140 10141 10149 10153 10154 10161 10170 10171 10178 10181 10191 10192 10197 10214 10221 10222 10229 10230 10232 10262 10283 10294 10311 10312 10330 10339 10348 10351 10352 10356 10360 10378 10383 10384 10410 10421 10441 13308 13310 17283 17284 
	}
	weather={
		period={
			between={ 1.1 12.8 }
			temperature={ -10.0 35.0 }
			no_phenomenon=1.500
			rain_light=0.250
			rain_heavy=0.100
			snow=0.000
			blizzard=0.000
			arctic_water=0.000
			mud=0.000
			sandstorm=0.000
			min_snow_level=0.000
		}
	}
}
