
strategic_region={
	id=58
	name="STRATEGICREGION_58"
	provinces={
		12 18 21 39 42 45 62 63 66 69 72 105 120 131 148 151 171 183 199 216 217 221 223 229 240 250 252 254 255 270 305 331 332 347 358 360 366 371 372 381 388 411 427 431 466 482 483 498 510 511 528 532 583 591 605 608 620 622 624 632 650 689 703 705 741 745 747 772 775 795 808 814 832 840 865 940 959 978 999 1000 1004 1005 1031 1035 1045 1062 1090 1109 1149 1157 1164 1184 1200 1211 1221 1281 1294 1307 1322 1330 1334 1354 1363 1367 1386 1409 1429 1465 1469 1480 1497 1528 1552 1567 1569 1591 1598 1616 1645 1667 1699 1720 1742 1744 1755 1818 1819 1854 1880 1925 1936 1970 1971 1989 1990 2022 2030 2039 2065 2106 2122 2198 2249 2254 2257 2375 2402 2403 2428 2461 2467 2483 2489 2496 2543 2574 2576 2594 2596 2626 2634 2641 2696 2763 2780 2803 2804 2841 2848 2867 2914 2933 2988 3083 3086 3099 3100 3131 3147 3181 3188 3213 3217 3239 3240 3272 3405 3467 3474 3537 3562 3580 3604 3633 3706 3710 3724 3781 3812 3815 3866 3870 3962 3973 4093 4109 4147 4166 4189 4203 4281 4296 4306 4318 4383 4452 4481 4578 4583 4624 4675 4680 4733 4778 4878 4904 4914 4981 5054 5150 5174 5187 5228 6790 6839 6856 6879 6905 6919 6929 6967 6975 6987 6997 6998 7033 7052 7053 7061 7066 7067 7076 7090 7091 7115 7116 7125 7126 7133 7153 7154 7166 7193 7194 7210 7219 7228 7240 7248 7258 7264 7281 7282 7295 7323 7335 7348 7358 7406 7407 7424 7433 7461 7462 7473 7494 7495 7524 7534 7548 7556 7568 7577 7602 7603 7612 7629 7641 7671 7680 7691 7727 7741 7753 7754 7792 7798 7820 7847 7858 7870 7886 7894 7900 7941 7946 7954 7971 7999 8039 8065 8091 8127 8158 8179 8208 8227 8251 8258 8286 8319 8326 8336 8337 8347 8376 8381 8420 8457 8472 8487 8504 8505 8511 8512 8531 8536 8555 8606 8622 8660 8661 8671 8672 8693 8694 8701 8702 8734 8789 8824 8892 8912 8949 9007 9093 9094 9141 9213 9284 9306 9318 9338 9367 9517 9530 9547 9554 9676 9692 9735 9779 9953 10056 
	}
	weather={
		period={
			between={ 1.1 12.8 }
			temperature={ -10.0 35.0 }
			no_phenomenon=1.500
			rain_light=0.250
			rain_heavy=0.100
			snow=0.000
			blizzard=0.000
			arctic_water=0.000
			mud=0.000
			sandstorm=0.000
			min_snow_level=0.000
		}
	}
}
