
strategic_region={
	id=58
	name="STRATEGICREGION_58"
	provinces={
		100 147 181 346 556 633 671 883 888 899 920 926 933 1077 1167 1173 1275 1281 1420 1476 1566 1579 1626 1628 1644 1658 1669 1734 1763 1813 1882 1942 1950 1983 1991 2009 2157 2179 2191 2295 2330 2332 2373 2416 2451 2502 2629 2680 2713 2783 2793 4064 4081 4099 4111 4142 4160 4187 4189 4190 4214 4222 4223 4227 4228 4230 4247 4251 4254 4255 4263 4272 4276 4283 4289 4290 4291 4299 4300 4304 4312 4313 4316 4334 4335 4346 4367 4382 4387 4388 4389 4395 4406 4443 4444 4473 4479 4493 4512 
	}
	weather={
	}
}
