
strategic_region={
	id=59
	name="STRATEGICREGION_59"
	provinces={
		45 53 62 172 174 187 250 266 312 594 717 739 789 852 894 944 1192 1196 1269 1294 1307 1312 1328 1374 1377 1389 1441 1468 1500 1549 1553 1557 1673 1727 1791 1806 1876 1918 1989 2090 2123 2138 2153 2156 2166 2175 2189 2236 2239 2299 2353 2370 2401 2410 2443 2450 2471 2539 2606 2684 2706 2751 4785 4795 4799 4805 4806 4807 4812 4833 4834 4839 4848 4852 4853 4860 4868 4869 4870 4876 4883 4887 4891 4897 4909 4918 4919 4932 4937 4943 4946 4959 4960 4962 4965 4968 4975 4978 4984 4988 5004 5016 5017 5028 5042 5043 5047 5048 5049 5053 5056 5064 5065 5066 5071 5076 5098 5107 5113 5119 5125 5127 5136 5145 5149 5151 5154 5156 5163 5173 5174 5175 5178 5183 5184 5187 5190 5193 5194 5195 5201 5204 5205 5209 5214 5222 5225 5226 5231 5232 5236 5237 5245 5246 5249 5250 5256 5259 5260 5264 5270 5271 5278 5279 5283 5284 5287 5291 5296 5299 5308 5316 5318 6057 6410 
	}
	weather={
	}
}
