
strategic_region={
	id=59
	name="STRATEGICREGION_59"
	provinces={
		20 29 37 65 94 132 197 198 290 336 377 394 479 500 543 623 657 663 668 700 731 743 777 849 900 980 1044 1112 1124 1239 1337 1353 1381 1477 1671 1679 1748 1785 1935 1942 1986 2029 2111 2113 2167 2284 2341 2349 2550 2676 2728 2759 2907 2994 3064 3298 3335 3646 3697 3883 3916 4127 4220 4225 4345 4705 4937 5032 5043 10055 10073 10076 10111 10185 10377 10394 10395 10409 10432 10433 10448 10453 10466 10474 10485 10489 10490 10509 10525 10526 10540 10556 10564 10565 10577 10595 10600 10601 10623 10628 10638 10642 10668 10697 10780 10793 10856 17972 17983 17986 17998 18007 18019 18031 18036 18043 18044 18051 18056 18067 18072 18073 18076 18077 18084 18102 18103 18104 18105 18113 18114 18116 18127 18130 18132 18134 18143 18144 18145 18149 18150 18155 18162 18166 18169 18173 18176 18177 18178 18181 18187 18191 18192 18196 18197 18198 18201 18214 18215 18218 18220 18224 18225 18233 18237 18238 18245 18246 18247 18255 18260 18263 18266 18269 18270 18271 18272 18280 18281 18285 18286 18290 18293 18295 18296 18297 18300 18302 18303 18304 18307 18311 18316 18317 18319 18322 18326 18327 18328 18337 18338 18339 18340 18344 18346 18347 18348 18349 18354 18359 18362 18363 18364 18367 18368 18369 18370 18374 18377 18379 18385 18386 18387 18393 18394 18395 18398 18401 18402 18409 18410 18416 18417 18419 18420 18421 18427 18428 18430 18431 18432 18435 18436 18437 18438 18441 18442 18450 18451 18455 18460 18461 18462 18463 18466 18467 18471 18473 18475 18476 18480 18481 18482 18483 18484 18485 18489 18490 18492 18493 18508 18509 18510 18511 18514 18515 18517 18518 18519 18521 18526 18530 18531 18541 18544 18545 18546 18550 18552 18555 18556 18560 18563 18566 18571 18575 18576 18577 18580 18584 18588 18594 18602 18605 18606 18607 18608 18618 18619 18620 18625 18629 18633 18634 18638 18641 18642 18644 18645 18648 18652 18658 18662 18663 18666 18667 18674 18675 18676 18681 18682 18683 18684 18689 18698 18699 18700 18704 18705 18709 18710 18711 18714 18715 18716 18719 18721 18722 18723 18724 18735 18738 18739 18740 18741 18742 18747 18748 18749 18750 18751 18754 18755 18761 18763 18766 18767 18768 18770 18771 18772 18773 18774 18775 18780 18781 18784 18787 18789 18790 18791 18796 18802 18805 18806 18807 18810 18811 18815 18817 18818 18819 18823 18824 18825 18826 18835 18838 18839 18840 18841 18846 18847 18848 18849 18854 18855 18858 18860 18861 18862 18868 18869 18870 18871 18874 18875 18876 18882 18883 18885 18888 18889 18893 18894 18896 18897 18899 18904 18910 18911 18912 18917 18919 18924 18929 18930 18936 18937 18939 18940 18941 18944 18945 18951 18952 18955 18960 18961 18963 18964 18966 18971 18973 18975 18976 18977 18980 18983 18986 18991 18992 19007 19008 
	}
	weather={
		period={
			between={ 1.1 12.8 }
			temperature={ -10.0 35.0 }
			no_phenomenon=1.500
			rain_light=0.250
			rain_heavy=0.100
			snow=0.000
			blizzard=0.000
			arctic_water=0.000
			mud=0.000
			sandstorm=0.000
			min_snow_level=0.000
		}
	}
}
