
strategic_region={
	id=6
	name="STRATEGICREGION_6"
	provinces={
		555 662 754 949 970 997 1037 1498 1629 1666 1827 1934 2161 2425 2894 2908 3010 3193 3241 3373 3480 3570 3738 3756 3921 4241 4376 4897 4902 5019 5107 5130 5142 5155 5197 9186 9204 9220 9224 9225 9227 9243 9262 9267 9268 9289 9292 9297 9322 9325 9326 9330 9353 9358 9359 9377 9386 9403 9416 9429 9430 9439 9442 9443 9451 9454 9460 9461 9467 9473 9474 9477 9490 9495 9500 9507 9508 9515 9529 9544 17274 
	}
	weather={
		period={
			between={ 1.1 12.8 }
			temperature={ -10.0 35.0 }
			no_phenomenon=1.500
			rain_light=0.250
			rain_heavy=0.100
			snow=0.000
			blizzard=0.000
			arctic_water=0.000
			mud=0.000
			sandstorm=0.000
			min_snow_level=0.000
		}
	}
}
