
strategic_region={
	id=6
	name="STRATEGICREGION_6"
	provinces={
		58 566 907 1012 1094 1387 1417 1427 1436 1458 1483 1569 1583 1731 1754 1758 1782 1826 1830 1879 2075 2226 2307 2334 2349 2441 2542 2549 2594 2640 2740 2780 2789 2814 2828 3274 3278 3301 3302 3306 3321 3328 3329 3330 3333 3350 3353 3354 3358 3364 3366 3370 3375 3377 3379 3384 3386 3387 3388 3389 3393 3396 3403 3406 3408 3413 3423 3424 3427 3434 3438 3441 3442 3443 3454 3456 3457 3468 3484 3485 3494 3500 5571 5573 6391 
	}
	weather={
	}
}
