
strategic_region={
	id=60
	name="STRATEGICREGION_60"
	provinces={
		22 60 64 77 78 100 112 127 134 168 185 282 298 299 373 410 432 457 488 509 549 549 551 556 559 561 589 595 630 641 646 669 670 707 738 738 758 773 774 778 826 883 884 894 898 923 924 927 927 967 984 1010 1028 1060 1079 1105 1110 1115 1118 1125 1129 1137 1170 1178 1199 1240 1245 1253 1282 1365 1371 1374 1375 1380 1460 1468 1468 1516 1518 1572 1618 1618 1636 1647 1678 1696 1710 1718 1777 1798 1837 1874 1899 1909 1910 1910 1945 1985 1985 1994 2010 2011 2013 2014 2028 2055 2055 2068 2087 2125 2134 2232 2253 2266 2313 2332 2363 2365 2410 2438 2445 2466 2466 2493 2541 2698 2698 2713 2713 2730 2807 2833 2857 2871 2920 2987 3019 3069 3134 3227 3260 3271 3302 3302 3327 3338 3338 3389 3485 3493 3584 3631 3685 3695 3735 3749 3904 3906 3975 4001 4055 4103 4129 4140 4140 4156 4190 4248 4268 4314 4439 4453 4499 4526 4539 4545 4547 4643 4652 4672 4672 4679 4735 4735 4747 4759 4759 4792 4794 4840 4847 4862 4862 4870 4956 5046 5046 5069 5069 5118 5154 5166 5185 5185 5203 5273 10983 11009 11027 11086 11120 11150 11168 11235 11345 11360 11389 11415 11420 11447 11451 11461 11482 11483 11513 11531 11532 11535 11556 11569 11574 11592 11593 11602 11610 11630 11631 11638 11648 11678 11684 11701 11714 11715 11722 11731 11747 11754 11755 11763 11797 11798 11815 11827 11829 11843 11848 11864 11867 11868 11878 11879 11887 11896 11897 11915 11925 11930 11931 11932 11948 11956 11969 11974 11976 11980 11985 11986 11992 12000 12005 12011 12017 12018 12023 12025 12032 12038 12039 12046 12047 12047 12051 12051 12054 12054 12057 12061 12064 12064 12067 12067 12068 12068 12069 12069 12070 12070 12073 12073 12075 12076 12080 12083 12083 12084 12084 12091 12092 12093 12093 12095 12096 12099 12099 12100 12100 12102 12102 12103 12103 12105 12106 12106 12107 12107 12112 12112 12113 12113 12114 12114 12117 12118 12118 12122 12126 12127 12127 12128 12128 12131 12132 12132 12138 12139 12139 12141 12141 12142 12142 12143 12143 12144 12144 12148 12148 12149 12149 12150 12150 12152 12153 12153 12157 12158 12159 12159 12160 12163 12163 12164 12167 12170 12170 12171 12171 12174 12177 12178 12178 12180 12182 12183 12184 12191 12195 12204 12208 12220 12226 12239 12242 12248 12281 12285 12292 12303 12397 17871 17871 17891 17891 17909 17909 17910 17910 17920 17920 17935 17935 17943 17943 17963 17963 17968 17968 17995 17995 18042 18079 18081 18082 18083 18092 18100 18107 18108 18112 18115 18123 18133 18138 18139 18140 18142 18153 18154 18171 18172 18175 18186 18190 18200 18204 18209 18217 18223 18227 18244 18252 18253 18259 18265 18273 18301 18309 18310 18336 18343 18381 18651 18672 18703 
	}
	weather={
		period={
			between={ 1.1 12.8 }
			temperature={ -10.0 35.0 }
			no_phenomenon=1.500
			rain_light=0.250
			rain_heavy=0.100
			snow=0.000
			blizzard=0.000
			arctic_water=0.000
			mud=0.000
			sandstorm=0.000
			min_snow_level=0.000
		}
	}
}
