
strategic_region={
	id=61
	name="STRATEGICREGION_61"
	provinces={
		11 30 34 36 43 113 118 142 152 181 208 233 274 275 319 324 385 399 417 424 434 435 453 467 496 513 546 562 564 576 640 642 656 685 749 794 796 809 836 852 869 874 880 909 918 957 976 1020 1023 1047 1049 1093 1106 1119 1120 1192 1196 1233 1259 1265 1266 1292 1299 1342 1349 1364 1377 1383 1446 1450 1478 1486 1553 1554 1565 1574 1580 1584 1631 1632 1639 1641 1653 1657 1661 1684 1693 1783 1831 1845 1847 1876 1885 1891 1905 1991 1993 2018 2048 2070 2083 2085 2105 2120 2168 2184 2197 2216 2262 2263 2281 2306 2318 2328 2344 2370 2411 2427 2429 2439 2478 2497 2519 2522 2532 2583 2602 2688 2697 2731 2741 2770 2771 2776 2829 2846 2873 2882 2887 2893 2901 2910 2922 2948 2970 2981 2986 2999 3018 3022 3043 3050 3052 3071 3090 3091 3096 3127 3138 3148 3150 3165 3182 3197 3198 3205 3234 3259 3261 3270 3284 3285 3303 3319 3326 3352 3359 3394 3412 3423 3428 3432 3442 3471 3477 3555 3563 3576 3579 3581 3619 3623 3626 3639 3689 3740 3742 3753 3794 3795 3814 3826 3833 3835 3837 3843 3871 3909 3919 3925 3940 3945 3948 3952 3965 4039 4044 4045 4046 4066 4082 4107 4114 4164 4169 4242 4269 4282 4300 4362 4363 4367 4405 4422 4443 4466 4484 4488 4494 4502 4525 4579 4593 4598 4601 4613 4626 4648 4681 4732 4745 4800 4822 4842 4852 4881 4882 4888 4927 4932 4933 4949 4964 4972 4989 5064 5115 5123 5129 5161 5171 5205 5207 5267 5276 5500 5512 5516 5528 5535 5536 5537 5541 5549 5555 5556 5563 5566 5567 5572 5578 5579 5585 5586 5591 5592 5595 5596 5600 5601 5604 5605 5609 5610 5611 5612 5616 5617 5618 5619 5620 5622 5623 5624 5632 5633 5636 5637 5638 5642 5643 5644 5645 5648 5649 5650 5651 5652 5655 5656 5657 5660 5661 5662 5663 5668 5669 5670 5671 5672 5676 5677 5682 5683 5684 5686 5687 5688 5689 5690 5691 5698 5699 5700 5701 5702 5703 5707 5709 5710 5711 5712 5713 5714 5717 5718 5719 5720 5721 5722 5726 5727 5731 5739 5740 5741 5742 5743 5745 5746 5747 5748 5756 5757 5758 5759 5764 5767 5768 5769 5775 5776 5782 5783 5784 5785 5794 5795 5800 5801 5802 5803 5804 5805 5806 5812 5813 5814 5819 5825 5826 5831 5832 5833 5834 5835 5836 5840 5841 5842 5843 5850 5851 5852 5853 5854 5859 5860 5865 5866 5872 5878 5885 5886 5887 5888 5889 5890 5891 5899 5900 5901 5903 5904 5905 5914 5915 5916 5917 5923 5924 5925 5928 5929 5930 5931 5936 5937 5945 5946 5947 5948 5949 5950 5951 5952 5960 5961 5962 5963 5971 5972 5973 5974 5980 5981 5982 5983 5989 5990 5991 5992 5993 5999 6000 6001 6003 6004 6005 6012 6013 6014 6015 6022 6023 6024 6025 6026 6030 6035 6036 6037 6038 6039 6040 6041 6045 6046 6047 6052 6053 6057 6058 6059 6060 6061 6062 6063 6068 6069 6070 6071 6072 6073 6074 6077 6078 6079 6080 6081 6084 6085 6086 6087 6092 6093 6096 6097 6098 6099 6100 6101 6107 6108 6109 6119 6120 6121 6122 6123 6127 6128 6129 6130 6131 6132 6138 6139 6140 6144 6145 6146 6147 6152 6153 6154 6158 6159 6160 6167 6168 6169 6175 6176 6177 6178 6181 6182 6188 6189 6190 6191 6192 6193 6197 6198 6199 6204 6205 6207 6208 6213 6214 6215 6216 6222 6223 6224 6228 6229 6230 6231 6232 6233 6234 6240 6241 6242 6246 6247 6248 6249 6252 6253 6254 6255 6258 6259 6260 6261 6262 6269 6270 6271 6276 6277 6278 6279 6286 6287 6288 6296 6297 6298 6299 6300 6301 6302 6303 6307 6308 6314 6315 6317 6318 6324 6325 6326 6327 6334 6335 6336 6341 6342 6343 6344 6345 6346 6351 6352 6353 6354 6355 6356 6363 6365 6366 6367 6368 6374 6375 6379 6380 6381 6386 6387 6388 6389 6390 6391 6392 6402 6403 6404 6411 6412 6413 6414 6418 6419 6420 6421 6422 6423 6427 6428 6429 6430 6431 6440 6441 6442 6443 6446 6447 6448 6449 6455 6456 6464 6465 6466 6467 6468 6477 6478 6479 6480 6486 6487 6488 6489 6490 6496 6497 6502 6503 6507 6508 6516 6523 6524 6525 6535 6544 6545 6546 6547 6548 6549 6556 6557 6561 6562 6563 6564 6568 6569 6570 6571 6572 6573 6577 6584 6585 6596 6602 6603 6605 6606 6616 6617 6620 6621 6622 6623 6624 6625 6633 6634 6635 6636 6641 6648 6649 6658 6659 6668 6673 6685 6686 6687 6688 6694 6703 6704 6715 6723 6724 6732 6748 6749 6760 6761 6772 6773 6806 6816 6827 6858 6881 6911 13280 
	}
	weather={
		period={
			between={ 1.1 12.8 }
			temperature={ -50.0 -34.0 }
			no_phenomenon=1.500
			rain_light=0.250
			rain_heavy=0.100
			snow=1.000
			blizzard=1.000
			arctic_water=0.000
			mud=0.000
			sandstorm=0.000
			min_snow_level=1.000
		}
	}
}
