
strategic_region={
	id=61
	name="STRATEGICREGION_61"
	provinces={
		16 46 60 78 89 182 245 251 255 258 262 270 315 344 437 441 470 488 607 614 625 661 687 695 728 799 817 818 839 843 849 862 892 946 968 1018 1080 1099 1106 1182 1200 1239 1242 1260 1274 1292 1302 1386 1398 1482 1508 1515 1523 1530 1532 1542 1719 1720 1757 1777 1796 1862 1863 1944 1974 1979 2036 2066 2133 2146 2245 2260 2282 2405 2438 2527 2528 2547 2573 2607 2626 2694 2710 2766 5348 5381 5412 5423 5431 5441 5446 5465 5467 5481 5483 5486 5489 5503 5517 5518 5520 5521 5526 5528 5530 5531 5532 5533 5535 5538 5539 5540 5541 5542 5544 5547 5550 5552 5559 6412 
	}
	weather={
	}
}
