
strategic_region={
	id=62
	name="STRATEGICREGION_62"
	provinces={
		96 265 314 333 343 471 536 666 678 718 727 842 1011 1061 1225 1318 1382 1397 1454 1474 1492 1712 1764 1812 1843 1911 1966 2095 2110 2121 2293 2327 2381 2647 2666 2733 2789 2856 2906 2963 2965 2971 2996 3016 3155 3199 3200 3225 3294 3385 3475 3540 3545 3627 3708 3824 3840 3889 3974 3983 3998 4010 4059 4096 4162 4186 4238 4272 4274 4317 4340 4391 4418 4436 4458 4518 4520 4541 4542 4571 4587 4690 4722 4790 4824 4853 4893 7000 7027 7043 7055 7102 7103 7127 7138 7145 7167 7174 7196 7200 7203 7211 7220 7230 7241 7249 7250 7251 7266 7267 7283 7296 7303 7304 7313 7324 7325 7326 7327 7339 7340 7349 7350 7360 7361 7362 7379 7398 7408 7409 7426 7464 7465 7466 7474 7482 7505 7506 7526 7527 7535 7549 7557 7569 7570 7571 7579 7604 7605 7624 7630 7631 7645 7657 7658 7681 7692 7693 7700 7710 7729 7730 7742 7755 7765 7766 7776 7783 7795 7799 7811 7821 7839 7849 7866 7904 7910 7972 8010 8011 8034 8056 8082 8116 8117 8141 8148 8180 8190 8191 8209 8229 8245 8259 8278 8287 8303 8320 8352 
	}
	weather={
		period={
			between={ 1.1 12.8 }
			temperature={ -10.0 9.0 }
			no_phenomenon=1.500
			rain_light=0.250
			rain_heavy=0.100
			snow=0.000
			blizzard=1.000
			arctic_water=1.000
			mud=0.000
			sandstorm=0.000
			min_snow_level=1.000
		}
	}
}
