
strategic_region={
	id=63
	name="STRATEGICREGION_63"
	provinces={
		16 55 86 101 130 141 149 158 167 175 224 323 342 344 352 391 438 447 456 486 492 499 547 557 582 627 637 644 692 708 715 717 719 764 779 782 783 784 788 846 857 877 891 907 915 937 946 983 985 995 1017 1071 1077 1140 1300 1323 1384 1398 1410 1424 1441 1448 1456 1461 1496 1530 1578 1579 1609 1627 1634 1660 1735 1753 1782 1794 1801 1804 1809 1913 2004 2006 2036 2050 2066 2071 2090 2092 2143 2170 2181 2218 2240 2248 2259 2261 2264 2301 2312 2322 2324 2331 2358 2389 2409 2440 2458 2469 2507 2521 2572 2588 2643 2651 2715 2719 2743 2786 2796 2797 2819 2844 2847 2884 2912 2931 2956 2989 3006 3020 3026 3028 3060 3077 3080 3107 3116 3118 3137 3156 3174 3201 3206 3262 3296 3317 3318 3322 3329 3347 3363 3367 3374 3395 3431 3447 3464 3482 3488 3494 3498 3504 3524 3547 3548 3552 3553 3566 3583 3607 3610 3645 3657 3694 3722 3730 3731 3751 3767 3770 3877 3946 3960 3971 3988 3995 4005 4040 4051 4076 4084 4102 4116 4128 4137 4145 4146 4160 4170 4176 4179 4200 4223 4231 4251 4343 4353 4421 4425 4435 4454 4460 4480 4487 4501 4558 4582 4590 4597 4600 4607 4612 4629 4637 4653 4664 4676 4721 4750 4765 4833 4859 4911 4985 5088 5094 5096 5103 5111 5112 5124 5132 5139 5167 5229 5240 5241 6604 6642 6643 6650 6660 6674 6675 6676 6693 6695 6696 6697 6705 6725 6733 6740 6741 6750 6751 6752 6762 6782 6783 6792 6799 6800 6807 6817 6828 6829 6830 6834 6842 6843 6844 6850 6854 6859 6860 6870 6871 6872 6876 6877 6878 6882 6888 6889 6898 6899 6900 6912 6916 6923 6924 6925 6926 6932 6933 6939 6940 6941 6948 6949 6957 6958 6964 6965 6968 6969 6978 6979 6980 6990 6991 6995 7001 7002 7014 7015 7028 7029 7037 7038 7044 7045 7046 7056 7057 7058 7062 7063 7071 7077 7083 7084 7085 7094 7095 7105 7106 7118 7119 7128 7129 7136 7140 7146 7147 7148 7149 7158 7169 7175 7183 7184 7198 7201 7204 7205 7206 7207 7212 7231 7232 7233 7234 7242 7243 7252 7253 7260 7261 7262 7268 7269 7273 7274 7284 7285 7286 7287 7288 7314 7315 7316 7317 7318 7328 7329 7341 7342 7351 7363 7364 7365 7372 7373 7380 7381 7382 7383 7384 7390 7391 7392 7410 7411 7415 7416 7427 7428 7434 7435 7436 7442 7443 7444 7451 7452 7453 7467 7468 7469 7475 7483 7484 7485 7499 7507 7508 7509 7510 7511 7518 7528 7529 7530 7531 7536 7537 7538 7539 7550 7558 7559 7572 7573 7580 7581 7582 7587 7588 7606 7607 7608 7613 7614 7615 7625 7626 7632 7633 7642 7646 7647 7648 7649 7666 7672 7673 7674 7682 7683 7684 7685 7686 7694 7695 7701 7702 7711 7719 7720 7731 7734 7743 7744 7745 7746 7750 7751 7756 7757 7767 7768 7777 7778 7779 7784 7785 7786 7787 7800 7801 7812 7813 7814 7815 7822 7823 7827 7828 7829 7840 7850 7851 7852 7860 7872 7873 7874 7882 7887 7888 7895 7896 7897 7905 7906 7907 7908 7911 7920 7921 7922 7928 7929 7930 7931 7934 7943 7949 7950 7956 7963 7964 7965 7966 7973 7974 7975 7978 7979 7980 7981 7982 7990 7991 7992 7997 8001 8002 8003 8004 8012 8013 8014 8021 8026 8027 8028 8029 8030 8035 8036 8041 8042 8043 8051 8052 8053 8057 8058 8059 8060 8066 8067 8068 8069 8075 8083 8084 8085 8086 8092 8093 8094 8097 8098 8099 8100 8102 8103 8104 8107 8108 8118 8119 8120 8130 8131 8134 8135 8142 8143 8144 8149 8150 8151 8152 8153 8160 8161 8164 8165 8169 8170 8171 8172 8173 8181 8188 8192 8193 8194 8195 8200 8201 8202 8210 8211 8212 8213 8214 8223 8224 8230 8232 8236 8246 8252 8253 8263 8269 8280 8281 8288 8289 8295 8296 8297 8298 8299 8304 8305 8321 8328 8340 8348 8353 8354 8358 8359 8377 8388 8412 8413 8421 8440 8441 8463 8479 
	}
	weather={
		period={
			between={ 1.1 12.8 }
			temperature={ -10.0 15.0 }
			no_phenomenon=1.500
			rain_light=0.250
			rain_heavy=0.100
			snow=1.000
			blizzard=1.000
			arctic_water=0.000
			mud=0.000
			sandstorm=0.000
			min_snow_level=1.000
		}
	}
}
