
strategic_region={
	id=64
	name="STRATEGICREGION_64"
	provinces={
		243 397 460 600 1907 2518 2558 2764 2855 3123 3427 3490 3850 4357 4390 4416 4486 4513 4515 4740 4816 4861 4957 5016 5067 5108 8311 8360 8361 8368 8389 8408 8422 8429 8435 8445 8450 8451 8459 8482 8490 8506 8507 8515 8525 8526 8542 8550 8556 8562 8563 8572 8582 8583 8611 8624 8625 8637 8642 8643 8652 8663 8688 8696 8697 8703 8704 8708 8717 8741 8742 8757 8758 8770 8777 8808 8820 8851 8863 
	}
	weather={
		period={
			between={ 1.1 12.8 }
			temperature={ -10.0 35.0 }
			no_phenomenon=1.500
			rain_light=0.250
			rain_heavy=0.100
			snow=0.000
			blizzard=0.000
			arctic_water=0.000
			mud=0.000
			sandstorm=0.000
			min_snow_level=0.000
		}
	}
}
