
strategic_region={
	id=64
	name="STRATEGICREGION_64"
	provinces={
		42 164 170 176 284 290 296 299 321 410 419 420 436 442 456 508 525 571 588 618 700 710 733 752 778 785 803 809 813 828 833 848 855 868 948 955 983 990 1006 1020 1022 1038 1040 1068 1124 1174 1181 1193 1225 1241 1262 1296 1313 1317 1330 1365 1379 1435 1464 1475 1490 1497 1513 1514 1517 1529 1590 1600 1634 1676 1741 1785 1795 1858 1878 1889 1931 1956 1964 1980 2025 2081 2088 2102 2140 2197 2218 2255 2267 2341 2352 2355 2371 2455 2457 2463 2495 2525 2533 2638 2772 2798 2830 3260 3272 3297 3307 3325 3360 3361 3371 3380 3383 3390 3398 3399 3419 3431 3444 3459 3460 3469 3482 3486 3490 3509 3524 3534 3535 3542 3558 3559 3560 3577 3589 3602 3611 3622 3666 3667 3679 3689 3700 3742 3748 3790 3800 3816 3826 3858 3868 3871 3890 3912 3933 3943 3978 4001 4028 4078 4079 4097 4107 4148 5575 6394 6395 
	}
	weather={
	}
}
