
strategic_region={
	id=67
	name="STRATEGICREGION_67"
	provinces={
		28 196 207 294 401 440 485 505 596 654 673 742 870 892 904 1032 1081 1165 1210 1256 1277 1289 1422 1437 1442 1467 1493 1502 1503 1508 1531 1564 1593 1683 1721 1729 1792 1855 1857 1865 1868 1893 1894 1962 2012 2042 2061 2135 2151 2244 2295 2308 2336 2339 2346 2391 2471 2527 2603 2610 2614 2684 2708 2722 2816 2875 2879 2891 2950 2966 2984 3053 3074 3098 3104 3108 3170 3228 3358 3372 3375 3382 3386 3399 3505 3530 3632 3643 3679 3692 3719 3721 3726 3752 3773 3789 3899 3902 3929 3963 3967 3992 4054 4074 4130 4188 4217 4247 4275 4283 4321 4338 4410 4438 4534 4538 4546 4636 4720 4757 4801 4915 4969 5011 5012 5053 5066 5077 5097 5137 5168 5180 5243 5259 5538 5542 5557 5568 5573 5587 5588 5602 5606 5613 5614 5628 5634 5635 5646 5653 5658 5673 5674 5678 5679 5685 5692 5693 5704 5705 5723 5724 5728 5729 5732 5733 5734 5735 5749 5750 5751 5760 5761 5765 5766 5770 5771 5772 5777 5786 5787 5788 5789 5790 5796 5807 5815 5816 5820 5821 5822 5827 5828 5844 5845 5855 5856 5857 5867 5868 5869 5870 5873 5874 5879 5880 5892 5893 5906 5907 5908 5909 5910 5911 5912 5918 5919 5932 5938 5939 5953 5954 5955 5964 5965 5966 5975 5976 5977 5984 5985 5986 5994 6006 6007 6008 6009 6016 6017 6027 6028 6031 6032 6033 6042 6048 6049 6050 6064 6065 6075 6082 6088 6089 6094 6095 6102 6110 6111 6112 6113 6114 6115 6124 6125 6133 6134 6135 6141 6142 6148 6149 6155 6161 6162 6170 6171 6172 6179 6183 6184 6185 6194 6200 6201 6202 6209 6217 6218 6225 6235 6243 6250 6256 6257 6263 6264 6265 6272 6280 6281 6289 6290 6304 6309 6310 6316 6319 6320 6321 6328 6329 6337 6338 6347 6357 6369 6376 6377 6378 6382 6405 6415 6424 6432 6450 6451 6457 6458 6469 6470 6471 6481 6491 6504 6509 6510 6517 6526 6550 6558 6559 6565 6578 6579 6618 6626 6627 6637 6677 6689 6690 6706 6716 6717 6742 6753 6754 6778 6808 6818 6845 6861 6901 13281 
	}
	weather={
		period={
			between={ 1.1 12.8 }
			temperature={ -41.0 -31.0 }
			no_phenomenon=1.500
			rain_light=0.250
			rain_heavy=0.100
			snow=1.000
			blizzard=1.000
			arctic_water=0.000
			mud=0.000
			sandstorm=0.000
			min_snow_level=0.000
		}
	}
}
