
strategic_region={
	id=68
	name="STRATEGICREGION_68"
	provinces={
		27 84 95 200 201 203 339 398 421 422 439 455 494 495 531 552 574 603 660 813 818 830 833 848 859 860 871 897 917 935 979 1009 1015 1024 1046 1055 1084 1173 1187 1203 1261 1285 1351 1362 1401 1406 1428 1438 1490 1538 1577 1592 1644 1658 1691 1700 1765 1768 1803 1817 1856 1870 1875 1912 1957 1960 1976 1988 2041 2045 2052 2069 2100 2118 2160 2186 2226 2229 2282 2315 2368 2382 2383 2386 2390 2430 2446 2463 2476 2494 2549 2575 2579 2599 2600 2609 2612 2640 2656 2668 2670 2672 2680 2717 2736 2757 2758 2815 2842 2854 2876 2880 2883 2909 2932 2935 2946 2972 3012 3013 3017 3023 3035 3061 3066 3167 3179 3226 3249 3280 3308 3339 3368 3384 3444 3465 3491 3497 3517 3527 3531 3536 3543 3546 3558 3577 3618 3642 3688 3715 3734 3768 3777 3829 3836 3845 3857 3878 3912 3931 3954 4042 4077 4078 4079 4092 4106 4209 4258 4267 4313 4334 4347 4371 4389 4399 4451 4478 4489 4495 4510 4529 4530 4532 4533 4549 4552 4585 4603 4617 4620 4623 4627 4628 4666 4687 4698 4753 4755 4756 4762 4813 4829 4837 4848 4865 4869 4872 4894 4910 4980 4987 5030 5049 5052 5058 5075 5119 5125 5179 5191 5200 5212 5222 5249 5255 5263 5752 5791 5810 5829 5846 5847 5858 5861 5881 5882 5894 5895 5913 5920 5921 5926 5933 5940 5941 5942 5956 5957 5967 5978 5979 5987 5995 5996 6002 6010 6018 6019 6020 6029 6043 6044 6051 6054 6055 6056 6066 6076 6083 6090 6091 6103 6104 6105 6106 6116 6117 6126 6136 6143 6150 6151 6156 6157 6163 6164 6165 6173 6174 6180 6186 6187 6195 6203 6206 6210 6211 6219 6226 6236 6237 6244 6245 6251 6266 6267 6268 6273 6274 6282 6283 6291 6292 6293 6294 6305 6306 6311 6312 6322 6323 6330 6331 6332 6339 6348 6358 6359 6360 6361 6370 6371 6383 6384 6393 6394 6395 6396 6397 6398 6399 6400 6406 6407 6408 6409 6410 6416 6433 6434 6435 6436 6437 6444 6452 6453 6459 6460 6461 6462 6472 6473 6474 6475 6482 6483 6492 6493 6498 6499 6505 6506 6511 6512 6513 6514 6515 6518 6519 6520 6527 6528 6529 6530 6531 6536 6537 6538 6539 6551 6552 6553 6554 6560 6566 6567 6574 6575 6580 6581 6582 6586 6587 6588 6589 6590 6597 6598 6599 6607 6608 6609 6610 6619 6628 6629 6630 6638 6639 6644 6645 6646 6647 6651 6652 6653 6654 6661 6662 6663 6664 6665 6669 6670 6678 6679 6680 6691 6692 6698 6699 6700 6701 6709 6710 6711 6712 6713 6718 6719 6726 6727 6728 6729 6730 6731 6734 6735 6736 6743 6744 6756 6757 6758 6763 6764 6765 6766 6767 6768 6769 6770 6774 6779 6780 6784 6785 6786 6787 6788 6789 6793 6794 6795 6796 6801 6802 6803 6809 6810 6811 6819 6820 6821 6822 6823 6831 6835 6836 6846 6847 6848 6851 6852 6855 6862 6863 6864 6873 6883 6884 6890 6891 6892 6893 6894 6895 6896 6902 6903 6904 6907 6913 6917 6918 6935 6942 6943 6951 6952 6953 6960 6961 6966 6972 6973 6985 6992 7003 7010 7011 7016 7017 7018 7019 7020 7021 7022 7023 7031 7040 7041 7049 7050 7065 7072 7073 7074 7079 7086 7098 7099 7100 7109 7110 7111 7141 7142 7150 7151 7161 7162 7163 7171 7172 7173 7178 7179 7189 7190 7191 7209 7215 7216 7226 7236 7237 7245 7256 7263 7270 7276 7277 7292 7298 7299 7307 7308 7309 7310 7321 7331 7332 7337 7343 7344 7345 7352 7353 7374 7375 7376 7387 7388 7394 7400 7401 7402 7412 7420 7421 7431 7438 7447 7455 7456 7471 7488 7489 7490 7496 7497 7498 7500 7521 7552 7575 7592 7609 7610 7627 7636 7651 7661 7662 7676 7704 7724 7738 7761 7771 7938 
	}
	weather={
		period={
			between={ 1.1 12.8 }
			temperature={ -43.0 -13.0 }
			no_phenomenon=1.500
			rain_light=0.250
			rain_heavy=0.100
			snow=1.000
			blizzard=1.000
			arctic_water=0.000
			mud=0.000
			sandstorm=0.000
			min_snow_level=0.000
		}
	}
}
