
strategic_region={
	id=69
	name="STRATEGICREGION_69"
	provinces={
		108 184 206 209 257 308 403 506 577 931 977 1263 1312 1360 1434 1462 1501 1862 1883 1956 2021 2193 2310 2345 2362 2366 2422 2539 2711 2845 2881 2973 3004 3124 3172 3220 3336 3360 3362 3478 3507 3514 3521 3592 3617 3622 3640 3659 3684 3716 3766 3892 3981 4006 4065 4211 4278 4286 4325 4354 4382 4392 4516 4535 4588 4618 4656 4715 4743 4808 4811 4890 4922 4961 5042 5065 5151 5178 5206 5233 5269 5368 5370 5372 5373 5374 5375 5376 5377 5380 5384 5385 5387 5388 5389 5391 5392 5393 5395 5396 5397 5398 5401 5402 5405 5406 5407 5408 5410 5411 5412 5413 5414 5416 5418 5419 5420 5423 5424 5426 5427 5431 5432 5433 5434 5435 5436 5437 5438 5439 5441 5443 5444 5446 5448 5451 5452 5457 5458 5459 5461 5462 5463 5464 5467 5468 5470 5472 5473 5474 5475 5477 5478 5480 5481 5482 5483 5484 5487 5488 5489 5490 5492 5493 5494 5495 5497 5498 5501 5502 5503 5504 5505 5506 5507 5508 5509 5510 5511 5514 5515 5517 5520 5522 5523 5524 5525 5526 5527 5529 5530 5531 5532 5539 5540 5543 5544 5545 5546 5547 5550 5551 5552 5558 5559 5560 5561 5562 5564 5565 5569 5570 5571 5574 5575 5576 5577 5580 5581 5582 5583 5589 5593 5594 5597 5598 5603 5607 5608 5615 5625 5626 5629 5630 5639 5640 5641 5664 5665 5666 5680 5694 5695 5715 5716 5736 5762 5808 5809 
	}
	weather={
		period={
			between={ 1.1 12.8 }
			temperature={ -10.0 35.0 }
			no_phenomenon=1.500
			rain_light=0.250
			rain_heavy=0.100
			snow=0.000
			blizzard=0.000
			arctic_water=0.000
			mud=0.000
			sandstorm=0.000
			min_snow_level=0.000
		}
	}
}
