
strategic_region={
	id=69
	name="STRATEGICREGION_69"
	provinces={
		6 7 10 51 52 69 71 85 90 101 106 109 115 125 135 156 163 165 166 167 178 184 193 203 235 246 252 271 275 288 322 324 330 338 362 380 386 395 415 416 418 421 426 440 448 449 462 463 464 486 491 498 503 515 516 526 533 601 619 643 648 667 688 702 734 755 771 814 829 870 896 958 975 982 997 1013 1066 1079 1105 1119 1145 1170 1178 1226 1254 1261 1325 1341 1352 1438 1477 1484 1521 1531 1682 1774 1819 1823 1871 1892 1914 1930 1960 1981 2029 2052 2114 2148 2169 2174 2187 2283 2583 2643 2743 2777 2787 3741 3825 3961 3969 4025 4047 4240 4269 4332 4356 4394 4496 4621 4717 4757 5013 5070 5080 5263 5286 5307 5335 5452 5506 5523 5534 
	}
	weather={
	}
}
