
strategic_region={
	id=7
	name="STRATEGICREGION_7"
	provinces={
		706 737 755 1347 1369 1418 1869 1902 1963 2486 2498 2650 2690 2704 3106 3117 3136 3186 3290 3312 3365 3429 3656 3926 4021 4255 4472 4479 4496 4712 4820 4851 4995 4996 5031 8262 8302 8308 8324 8345 8346 8357 8379 8399 8400 8401 8432 8436 8437 8448 8454 8469 8478 8493 8499 8500 8501 8523 8535 8545 8546 8554 8573 8577 8578 8586 8597 8598 8617 8628 8629 8630 8648 8656 8657 8667 8678 8685 8686 8712 8713 8714 8733 8761 8762 8763 8767 8786 8787 8788 8797 8804 8812 8829 8837 8854 8855 8873 8890 8933 8976 9021 17263 17265 17266 
	}
	weather={
		period={
			between={ 1.1 12.8 }
			temperature={ -10.0 35.0 }
			no_phenomenon=1.500
			rain_light=0.250
			rain_heavy=0.100
			snow=0.000
			blizzard=0.000
			arctic_water=0.000
			mud=0.000
			sandstorm=0.000
			min_snow_level=0.000
		}
	}
}
