
strategic_region={
	id=71
	name="STRATEGICREGION_71"
	provinces={
		390 658 1202 1311 1633 1816 1836 1888 1959 2025 2063 2215 2355 2462 2512 2678 2740 2992 3301 3337 3574 3620 3887 3900 3934 4081 4125 4187 4294 4785 4923 5117 9668 9733 9746 9755 9758 9777 9778 9804 9812 9813 9835 9853 9863 9872 9874 9884 9885 9894 9906 9925 9952 9961 9962 9976 9977 9993 9999 10000 10001 10012 10015 10022 10029 10036 10043 10054 10062 10063 10069 10075 10080 10095 10096 10097 10110 10115 10125 10126 10137 10138 10139 10168 10169 10176 10177 10184 10196 10216 10220 10237 10277 10376 10415 10424 10456 10473 10500 10508 10513 10539 10545 10563 10690 10696 10739 10747 10764 10765 10779 10816 13299 13302 13306 13307 13311 13312 13313 13314 13316 13320 13323 13325 
	}
	weather={
		period={
			between={ 1.1 12.8 }
			temperature={ -10.0 35.0 }
			no_phenomenon=1.500
			rain_light=0.250
			rain_heavy=0.100
			snow=0.000
			blizzard=0.000
			arctic_water=0.000
			mud=0.000
			sandstorm=0.000
			min_snow_level=0.000
		}
	}
}
