
strategic_region={
	id=71
	name="STRATEGICREGION_71"
	provinces={
		2 13 20 29 32 34 50 55 74 87 91 94 118 121 142 143 146 150 151 160 168 171 173 188 190 198 206 224 228 254 297 319 331 343 356 364 371 378 390 412 417 422 438 444 450 468 483 484 489 505 519 522 530 553 569 577 593 603 634 650 651 691 721 742 795 816 836 845 859 872 874 875 881 887 895 922 923 924 954 993 1009 1030 1055 1072 1089 1125 1163 1232 1251 1297 1311 1336 1350 1408 1409 1439 1442 1460 1462 1471 1544 1584 1593 1668 1698 1740 1787 1811 1860 1870 1958 2016 2018 2070 2109 2145 2209 2225 2325 2368 2369 2417 2430 2433 2576 2579 2598 2605 2836 2839 2840 2841 2843 2847 2849 2850 2852 2853 2857 2859 2860 2861 2862 2865 2873 2874 2876 2882 2883 2885 2893 2894 2895 2896 2897 2903 2906 2983 3018 3028 3035 3039 3042 3045 3054 5606 6082 6099 6106 6116 6199 6215 6247 6250 6277 6290 
	}
	weather={
	}
}
