
strategic_region={
	id=72
	name="STRATEGICREGION_72"
	provinces={
		13429 13436 13457 13481 13483 13519 13638 13757 13786 13852 13865 13901 13979 14043 14097 14143 14144 14176 14177 14195 14274 14294 14384 14429 14483 14500 14512 14513 14559 14617 14685 14695 14708 14758 14817 14869 14876 14889 14905 14910 14935 14953 14988 15050 15122 15143 15152 15164 15171 15191 15200 15220 15274 15302 15375 15385 15398 15402 15405 15485 15508 15539 15588 15594 15631 15634 15660 15672 15689 15771 15781 15809 15812 15831 15843 15909 15910 15985 16048 16087 16120 16146 16242 16247 16261 16303 16355 16359 16395 16408 16440 16444 16787 16796 16802 16806 16808 16816 16823 16824 16826 16828 16836 16837 16840 16844 16856 16868 16877 16878 16879 16884 16885 16889 16900 16902 16909 16911 
	}
	naval_terrain=water_fjords
	weather={
		period={
			between={ 1.1 12.8 }
			temperature={ -10.0 35.0 }
			no_phenomenon=1.500
			rain_light=0.250
			rain_heavy=0.100
			snow=0.000
			blizzard=0.000
			arctic_water=0.000
			mud=0.000
			sandstorm=0.000
			min_snow_level=0.000
		}
	}
}
