
strategic_region={
	id=72
	name="STRATEGICREGION_72"
	provinces={
		5586 5587 5588 5589 5590 5591 5593 5594 5596 5597 5598 5599 5600 5601 5602 5603 5604 5607 5608 5610 5611 5612 5613 5614 5615 5616 5617 5618 5619 5620 5621 5623 5624 5625 5626 5628 5629 5630 5631 5632 5633 5634 5636 5637 5638 5640 5641 5642 5643 5644 5645 5646 5647 5648 5649 5650 5651 5652 5653 5655 5656 5657 5658 5659 5661 5662 5663 5664 5665 5667 5668 5669 5671 5672 5673 5674 5676 5677 5678 5680 5681 5682 5683 5684 5685 5686 5687 5688 5689 5690 5691 5692 5693 5694 5695 5696 5697 5698 5699 5700 5701 5702 5703 5704 5707 5708 5709 5710 5711 5713 5714 5715 5716 5717 5718 5719 5720 5721 5722 5723 5724 5725 5726 5727 5728 5730 5731 5732 5733 5734 5735 5736 5737 5738 5739 5740 5741 5742 5743 5744 5745 5748 5749 5750 5751 5753 5754 5755 5757 5758 5759 5760 5761 5762 5763 5765 5767 5768 5769 5770 5771 5772 5774 5775 5776 5777 5779 5781 5783 5784 5785 5787 5788 5789 5790 5791 5792 5793 5794 5795 5797 5798 5799 5801 5802 5804 5805 5807 5808 5810 5812 5814 5815 5816 5817 5818 5821 5822 5824 5825 5826 5827 5828 5829 5830 5831 5832 5833 5834 5835 5836 5838 5839 5840 5841 5842 5844 5845 5846 5847 5849 5851 5852 5853 5854 5855 5856 5858 5859 5860 5864 5865 5866 5867 5868 5871 5872 5879 5881 5882 5884 5885 5886 5888 5889 5890 5892 5894 5895 5899 5900 5901 5902 5903 5904 5906 5907 5908 5910 5911 5913 5914 5916 5917 5918 5919 5921 5922 5924 5925 5926 5927 5930 5931 5932 5933 5936 5937 5938 5939 5941 5944 5945 5948 5949 5951 5954 5956 5957 5958 5959 5960 5961 5963 5964 5965 5966 5967 5969 5973 5975 5977 5978 5979 5980 5981 5982 5983 5985 5986 5987 5990 5991 5992 5993 5994 5996 5997 5998 6001 6003 6004 6005 6006 6008 6011 6012 6013 6014 6015 6017 6018 6019 6021 6022 6024 6027 6028 6030 6031 6032 6035 6036 6039 6040 6042 6045 6046 6047 6050 6052 6054 6055 6056 6059 6060 6063 6064 6066 6069 6071 6072 6073 6075 6077 6078 6081 6083 6084 6086 6087 6088 6091 6092 6095 6096 6097 6098 6100 6101 6102 6103 6105 6108 6113 6114 6115 6117 6120 6121 6122 6123 6124 6126 6128 6129 6132 6134 6135 6136 6137 6138 6140 6141 6142 6146 6148 6149 6153 6154 6155 6156 6157 6158 6160 6162 6163 6164 6166 6167 6168 6172 6173 6176 6177 6178 6179 6180 6181 6182 6183 6184 6186 6187 6189 6190 6196 6197 6200 6201 6202 6206 6207 6208 6209 6213 6214 6216 6217 6222 6226 6227 6228 6229 6230 6231 6234 6239 6242 6244 6245 6246 6248 6249 6252 6254 6257 6258 6259 6260 6261 6262 6264 6267 6268 6271 6272 6273 6274 6275 6276 6278 6281 6282 6285 6286 6287 6289 6292 6295 6297 6298 6299 6300 6301 6302 6306 6307 6308 6309 6312 6313 6315 6317 6318 6319 6322 6323 6328 6330 6331 6335 6336 6337 6338 6339 6340 6341 6342 6343 6344 6346 6349 6351 6353 6354 6355 6356 6357 6359 6360 6361 6363 6368 6369 6372 6373 6375 6376 6380 6381 6382 6385 6386 
	}
	naval_terrain=water_deep_ocean
	weather={
		period={
			between={ 0.0 30.0 }
			temperature={ 5.0 30.0 }
			no_phenomenon=0.500
			rain_light=0.400
			rain_heavy=0.300
			snow=0.000
			blizzard=0.000
			arctic_water=0.000
			mud=1.000
			sandstorm=0.000
			min_snow_level=0.000
		}
		period={
			between={ 0.1 27.1 }
			temperature={ 5.0 30.0 }
			no_phenomenon=0.500
			rain_light=0.400
			rain_heavy=0.300
			snow=0.000
			blizzard=0.000
			arctic_water=0.000
			mud=1.000
			sandstorm=0.000
			min_snow_level=0.000
		}
		period={
			between={ 0.2 30.2 }
			temperature={ 5.0 30.0 }
			no_phenomenon=0.500
			rain_light=0.400
			rain_heavy=0.300
			snow=0.000
			blizzard=0.000
			arctic_water=0.000
			mud=1.000
			sandstorm=0.000
			min_snow_level=0.000
		}
		period={
			between={ 0.3 29.3 }
			temperature={ 5.0 30.0 }
			no_phenomenon=0.500
			rain_light=0.400
			rain_heavy=0.300
			snow=0.000
			blizzard=0.000
			arctic_water=0.000
			mud=1.000
			sandstorm=0.000
			min_snow_level=0.000
		}
		period={
			between={ 0.4 30.4 }
			temperature={ 5.0 30.0 }
			no_phenomenon=0.500
			rain_light=0.400
			rain_heavy=0.300
			snow=0.000
			blizzard=0.000
			arctic_water=0.000
			mud=1.000
			sandstorm=0.000
			min_snow_level=0.000
		}
		period={
			between={ 0.5 29.5 }
			temperature={ 5.0 30.0 }
			no_phenomenon=0.500
			rain_light=0.400
			rain_heavy=0.300
			snow=0.000
			blizzard=0.000
			arctic_water=0.000
			mud=1.000
			sandstorm=0.000
			min_snow_level=0.000
		}
		period={
			between={ 0.6 30.6 }
			temperature={ 5.0 30.0 }
			no_phenomenon=0.500
			rain_light=0.400
			rain_heavy=0.300
			snow=0.000
			blizzard=0.000
			arctic_water=0.000
			mud=1.000
			sandstorm=0.000
			min_snow_level=0.000
		}
		period={
			between={ 0.7 30.7 }
			temperature={ 5.0 30.0 }
			no_phenomenon=0.500
			rain_light=0.400
			rain_heavy=0.300
			snow=0.000
			blizzard=0.000
			arctic_water=0.000
			mud=1.000
			sandstorm=0.000
			min_snow_level=0.000
		}
		period={
			between={ 0.8 29.8 }
			temperature={ 5.0 30.0 }
			no_phenomenon=0.500
			rain_light=0.400
			rain_heavy=0.300
			snow=0.000
			blizzard=0.000
			arctic_water=0.000
			mud=1.000
			sandstorm=0.000
			min_snow_level=0.000
		}
		period={
			between={ 0.9 30.9 }
			temperature={ 5.0 30.0 }
			no_phenomenon=0.500
			rain_light=0.400
			rain_heavy=0.300
			snow=0.000
			blizzard=0.000
			arctic_water=0.000
			mud=1.000
			sandstorm=0.000
			min_snow_level=0.000
		}
		period={
			between={ 0.10 29.10 }
			temperature={ 5.0 30.0 }
			no_phenomenon=0.500
			rain_light=0.400
			rain_heavy=0.300
			snow=0.000
			blizzard=0.000
			arctic_water=0.000
			mud=1.000
			sandstorm=0.000
			min_snow_level=0.000
		}
		period={
			between={ 0.11 30.11 }
			temperature={ 5.0 30.0 }
			no_phenomenon=0.500
			rain_light=0.400
			rain_heavy=0.300
			snow=0.000
			blizzard=0.000
			arctic_water=0.000
			mud=1.000
			sandstorm=0.000
			min_snow_level=0.000
		}
	}
}
