
strategic_region={
	id=73
	name="STRATEGICREGION_73"
	provinces={
		13 33 70 80 160 162 213 231 448 541 617 625 629 677 730 776 787 958 1029 1138 1155 1304 1366 1505 1509 1562 1621 1766 1810 2142 2149 2309 2475 2482 2595 2637 2646 2689 2692 2703 2746 2755 2762 2772 2773 2775 2809 2902 2928 2940 2954 2960 2967 3094 3122 3268 3340 3349 3510 3573 3596 3984 4000 4033 4056 4097 4111 4134 4228 4315 4352 4433 4521 4531 4725 4826 4858 4873 4974 4990 5015 5078 5190 5239 5245 5260 5313 5315 5317 5318 5319 5320 5321 5322 5323 5324 5325 5326 5327 5328 5329 5330 5331 5332 5333 5334 5335 5336 5337 5338 5339 5340 5341 5342 5343 5344 5345 5346 5347 5349 5350 5351 5352 5353 5354 5355 5356 5357 5358 5359 5360 5361 5362 5363 5365 5366 5369 5371 5378 5379 5381 5382 5383 5386 5390 5394 5399 5400 5403 5404 5409 5415 5417 5421 5422 5425 5429 5430 5440 5442 5445 5447 5450 5453 5454 5455 5456 5460 5465 5466 5471 5476 5479 5485 5486 5496 5499 5513 5518 5519 5521 5533 5534 5548 5554 5584 5590 5599 5621 5631 5647 5654 5659 5667 5675 5681 5696 5697 5706 5708 5725 5730 5737 5738 5744 5753 5754 5755 5763 5773 5774 5778 5779 5780 5781 5793 5797 5811 5817 5818 5823 5824 5830 5837 5838 5839 5848 5849 5862 5863 5864 5871 5875 5876 5877 5883 5884 5896 5897 5898 5902 5922 5927 5934 5935 5943 5944 5958 5959 5968 5969 5970 5988 5997 5998 6011 6021 6067 6118 6137 6166 6196 6212 6220 6221 6227 6238 6239 6275 6284 6285 6295 6313 6333 6340 6349 6350 6372 6385 6401 6425 6454 13279 
	}
	weather={
		period={
			between={ 1.1 12.8 }
			temperature={ -10.0 35.0 }
			no_phenomenon=1.500
			rain_light=0.250
			rain_heavy=0.100
			snow=0.000
			blizzard=0.000
			arctic_water=0.000
			mud=0.000
			sandstorm=0.000
			min_snow_level=0.000
		}
	}
}
