strategic_region={
	id=73
	name="STRATEGICREGION_73"
	provinces={
		4 227 269 302 564 877 2168 2244 2888 5332 5334 5336 5344 5349 5351 5480 6422 6424 6428 6429 6432 6434 6437 6442 6444 6446 6447 6448 6449 6450 6454 6458 6459 6460 6463 6465 6468 6469 6470 6471 6473 6477 6478 6481 6482 6483 6485 6489 6490 6492 6493 6494 6495 6499 6500 6502 6503 6504 6505 6508 6509 6511 6512 6513 6514 6515 6516 6517 6518 6519 6524 6525 6528 6530 6531 6532 6535 6536 6537 6540 6542 6544 6545 6546 6549 6551 6552 6553 6555 6559 6560 6567 6568 6569 6570 6571 6572 6575 6577 6578 6579 6582 6583 6584 6586 6587 6588 6589 6590 6591 6594 6595 6597 6599 6602 6603 6604 6605 6609 6610 6611 6612 6615 6617 6621 6622 6623 6625 6626 6629 6630 6631 6632 6633 6634 6636 6637 6638 6639 6640 6641 6642 6648 6649 6650 6654 6656 6657 6658 6659 6660 6661 6662 6664 6670 6671 6672 6673 6677 6678 6680 6681 6682 6683 6684 6685 6686 6687 6691 6692 6693 6694 6695 6701 6702 6704 6705 6706 6709 6712 6713 6714 6718 6719 6720 6721 6722 6725 6726 6727 6730 6731 6732 6734 6735 6738 6739 6740 6742 6743 6744 6749 6750 6754 6755 6759 6763 6764 6766 6767 6768 6770 6771 6772 6773 6774 6778 6779 6780 6782 6783 6784 6785 6788 6791 6792 6794 6795 6796 6799 6804 6805 6807 6810 6811 6812 6814 6815 6816 6817 6818 6819 6827 6828 6829 6831 6832 6833 6834 6835 6836 6839 6841 6845 6846 6848 6849 6851 6852 6856 6859 6860 6861 6862 6863 6864 6865 6866 6867 6873 6874 6875 6884 6885 6887 6889 6890 6891 6892 6894 6897 6899 6900 6903 6906 6907 6908 6909 6912 6913 6914 6918 6919 6920 6922 6923 6925 6926 6927 6928 6929 6930 6933 6934 6937 6938 6939 6940 6941 6942 6943 6944 6945 6946 6947 6948 6949 6950 6951 6952 6953 6954 6955 6956 6957 6958 6959 6963 6964 6965 6966 6967 6968 6969 6970 6971 6972 6974 6975 6978 6981 6983 6984 6985 6986 6988 6989 6990 6992 6993 6994 6995 6996 6997 6998 7000 7003 7004 7005 7006 7007 7008 7012 7014 7015 7018 7019 7020 7021 7022 7023 7024 7027 7028 7030 7031 7032 7035 7037 7038 7039 7041 7044 7045 7046 7047 7048 7049 7050 7052 7053 7055 7056 7062 7063 7066 7067 7068 7070 7071 7072 7076 7080 7087 7088 7089 7091 7092 7093 7094 7095 7098 7099 7105 7110 7111 7112 7113 7115 7121 7123 7125 7126 7127 7131 7134 7137 7140 7142 7143 7148 7150 7151 7154 7158 7160 7163 7164 7170 7174 7177 7178 7186 7188 7192 7194 7198 7205 7208 7211 
	}
	weather={
		period={
			between={ 0.0 30.0 }
			temperature={ -9.0 11.0 }
			no_phenomenon=0.500
			rain_light=0.300
			rain_heavy=0.100
			snow=0.100
			blizzard=0.000
			arctic_water=0.000
			mud=1.000
			sandstorm=0.000
			min_snow_level=0.000
		}
		period={
			between={ 0.1 27.1 }
			temperature={ -8.0 12.0 }
			no_phenomenon=0.500
			rain_light=0.300
			rain_heavy=0.100
			snow=0.100
			blizzard=0.000
			arctic_water=0.000
			mud=1.000
			sandstorm=0.000
			min_snow_level=0.000
		}
		period={
			between={ 0.2 30.2 }
			temperature={ -2.0 15.0 }
			no_phenomenon=0.500
			rain_light=0.300
			rain_heavy=0.100
			snow=0.050
			blizzard=0.000
			arctic_water=0.000
			mud=1.000
			sandstorm=0.000
			min_snow_level=0.000
		}
		period={
			between={ 0.3 29.3 }
			temperature={ 2.0 18.0 }
			no_phenomenon=0.600
			rain_light=0.400
			rain_heavy=0.100
			snow=0.000
			blizzard=0.000
			arctic_water=0.000
			mud=1.000
			sandstorm=0.000
			min_snow_level=0.000
		}
		period={
			between={ 0.4 30.4 }
			temperature={ 5.0 21.0 }
			no_phenomenon=0.600
			rain_light=0.350
			rain_heavy=0.100
			snow=0.000
			blizzard=0.000
			arctic_water=0.000
			mud=1.000
			sandstorm=0.000
			min_snow_level=0.000
		}
		period={
			between={ 0.5 29.5 }
			temperature={ 9.0 25.0 }
			no_phenomenon=0.700
			rain_light=0.250
			rain_heavy=0.050
			snow=0.000
			blizzard=0.000
			arctic_water=0.000
			mud=1.000
			sandstorm=0.000
			min_snow_level=0.000
		}
		period={
			between={ 0.6 30.6 }
			temperature={ 11.0 27.0 }
			no_phenomenon=0.700
			rain_light=0.250
			rain_heavy=0.050
			snow=0.000
			blizzard=0.000
			arctic_water=0.000
			mud=1.000
			sandstorm=0.000
			min_snow_level=0.000
		}
		period={
			between={ 0.7 30.7 }
			temperature={ 10.0 27.0 }
			no_phenomenon=0.700
			rain_light=0.250
			rain_heavy=0.050
			snow=0.000
			blizzard=0.000
			arctic_water=0.000
			mud=1.000
			sandstorm=0.000
			min_snow_level=0.000
		}
		period={
			between={ 0.8 29.8 }
			temperature={ 6.0 25.0 }
			no_phenomenon=0.700
			rain_light=0.250
			rain_heavy=0.150
			snow=0.000
			blizzard=0.000
			arctic_water=0.000
			mud=1.000
			sandstorm=0.000
			min_snow_level=0.000
		}
		period={
			between={ 0.9 30.9 }
			temperature={ 3.0 18.0 }
			no_phenomenon=0.600
			rain_light=0.350
			rain_heavy=0.100
			snow=0.000
			blizzard=0.000
			arctic_water=0.000
			mud=1.000
			sandstorm=0.000
			min_snow_level=0.000
		}
		period={
			between={ 0.10 29.10 }
			temperature={ -1.0 14.0 }
			no_phenomenon=0.500
			rain_light=0.350
			rain_heavy=0.150
			snow=0.000
			blizzard=0.000
			arctic_water=0.000
			mud=1.000
			sandstorm=0.000
			min_snow_level=0.000
		}
		period={
			between={ 0.11 30.11 }
			temperature={ -8.0 13.0 }
			no_phenomenon=0.500
			rain_light=0.300
			rain_heavy=0.150
			snow=0.050
			blizzard=0.000
			arctic_water=0.000
			mud=1.000
			sandstorm=0.000
			min_snow_level=0.000
		}
	}
}
