strategic_region={
	id=74
	name="STRATEGICREGION_74"
	provinces={
		3 153 201 770 879 964 1023 1250 1404 1492 1643 1771 1937 2240 2386 2578 2748 5057 5078 5079 5094 5110 5120 5150 5160 5170 5188 5196 5202 5215 5217 5224 5238 5239 5240 5253 5261 5352 5359 5365 5367 5370 5371 5380 5386 5390 5394 5398 5407 5408 5409 5414 5416 5419 5420 5426 5430 5432 5434 5440 5443 5444 5445 5454 5460 5461 5469 5470 5475 5487 5491 5497 5499 5502 5505 5509 5512 5514 5516 5563 5564 5566 5577 6403 6415 6416 6417 6418 6419 6420 6421 6423 6425 6426 6427 6430 6431 6433 6435 6436 6438 6439 6440 6441 6443 6445 6451 6452 6453 6455 6456 6457 6461 6462 6464 6466 6467 6472 6474 6475 6476 6479 6480 6484 6486 6487 6488 6491 6496 6497 6498 6501 6506 6507 6510 6520 6521 6522 6523 6526 6527 6529 6533 6534 6538 6539 6541 6543 6547 6548 6550 6554 6556 6557 6558 6561 6562 6563 6564 6565 6566 6573 6574 6576 6580 6581 6585 6592 6593 6596 6598 6600 6601 6606 6607 6608 6613 6614 6616 6618 6619 6620 6624 6627 6628 6635 6643 6644 6645 6646 6647 6651 6652 6653 6655 6663 6665 6666 6667 6668 6669 6674 6675 6676 6679 6688 6689 6690 6696 6697 6698 6699 6700 6703 6707 6708 6710 6711 6715 6716 6717 6723 6724 6728 6729 6733 6736 6737 6741 6745 6746 6747 6748 6751 6752 6753 6756 6757 6758 6760 6761 6762 6765 6769 6775 6776 6777 6781 6786 6787 6789 6790 6793 6797 6798 6800 6801 6802 6803 6806 6808 6809 6813 6820 6821 6822 6823 6824 6825 6826 6830 6837 6838 6840 6842 6843 6844 6847 6850 6853 6854 6855 6857 6858 6868 6869 6870 6871 6872 6876 6877 6878 6879 6880 6881 6882 6883 6886 6888 6893 6895 6896 6898 6901 6902 6904 6905 6910 6911 6915 6916 6917 6921 6924 6931 6932 6935 6936 6960 6961 6962 6973 6976 6977 6979 6980 6982 6987 6991 6999 7001 7002 7009 7010 7011 7013 7016 7017 7025 7026 7029 7033 7034 7036 7040 7042 7043 7051 7054 7057 7058 7059 7060 7061 7064 7065 7069 7073 7074 7075 7077 7078 7079 7081 7082 7083 7084 7085 7086 7090 7096 7097 7100 7101 7102 7103 7104 7106 7107 7108 7109 7114 7116 7117 7118 7119 7120 7122 7124 7128 7129 7130 7132 7133 7135 7136 7138 7139 7141 7144 7145 7146 7147 7149 7152 7153 7155 7156 7157 7159 7161 7162 7165 7166 7167 7168 7169 7171 7172 7173 7175 7176 7179 7180 7181 7182 7183 7184 7185 7187 7189 7190 7191 7193 7195 7196 7197 7199 7200 7201 7202 7203 7204 7206 7207 7209 7210 7212 7213 7214 7215 7216 7217 7218 7219 7220 7221 7222 7223 7224 7225 7226 7227 7228 7229 
	}
	weather={
		period={
			between={ 0.0 30.0 }
			temperature={ -9.0 11.0 }
			no_phenomenon=0.500
			rain_light=0.300
			rain_heavy=0.100
			snow=0.100
			blizzard=0.000
			arctic_water=0.000
			mud=1.000
			sandstorm=0.000
			min_snow_level=0.000
		}
		period={
			between={ 0.1 27.1 }
			temperature={ -8.0 12.0 }
			no_phenomenon=0.500
			rain_light=0.300
			rain_heavy=0.100
			snow=0.100
			blizzard=0.000
			arctic_water=0.000
			mud=1.000
			sandstorm=0.000
			min_snow_level=0.000
		}
		period={
			between={ 0.2 30.2 }
			temperature={ -2.0 15.0 }
			no_phenomenon=0.500
			rain_light=0.300
			rain_heavy=0.100
			snow=0.050
			blizzard=0.000
			arctic_water=0.000
			mud=1.000
			sandstorm=0.000
			min_snow_level=0.000
		}
		period={
			between={ 0.3 29.3 }
			temperature={ 2.0 18.0 }
			no_phenomenon=0.600
			rain_light=0.400
			rain_heavy=0.100
			snow=0.000
			blizzard=0.000
			arctic_water=0.000
			mud=1.000
			sandstorm=0.000
			min_snow_level=0.000
		}
		period={
			between={ 0.4 30.4 }
			temperature={ 5.0 21.0 }
			no_phenomenon=0.600
			rain_light=0.350
			rain_heavy=0.100
			snow=0.000
			blizzard=0.000
			arctic_water=0.000
			mud=1.000
			sandstorm=0.000
			min_snow_level=0.000
		}
		period={
			between={ 0.5 29.5 }
			temperature={ 9.0 25.0 }
			no_phenomenon=0.700
			rain_light=0.250
			rain_heavy=0.050
			snow=0.000
			blizzard=0.000
			arctic_water=0.000
			mud=1.000
			sandstorm=0.000
			min_snow_level=0.000
		}
		period={
			between={ 0.6 30.6 }
			temperature={ 11.0 27.0 }
			no_phenomenon=0.700
			rain_light=0.250
			rain_heavy=0.050
			snow=0.000
			blizzard=0.000
			arctic_water=0.000
			mud=1.000
			sandstorm=0.000
			min_snow_level=0.000
		}
		period={
			between={ 0.7 30.7 }
			temperature={ 10.0 27.0 }
			no_phenomenon=0.700
			rain_light=0.250
			rain_heavy=0.050
			snow=0.000
			blizzard=0.000
			arctic_water=0.000
			mud=1.000
			sandstorm=0.000
			min_snow_level=0.000
		}
		period={
			between={ 0.8 29.8 }
			temperature={ 6.0 25.0 }
			no_phenomenon=0.700
			rain_light=0.250
			rain_heavy=0.150
			snow=0.000
			blizzard=0.000
			arctic_water=0.000
			mud=1.000
			sandstorm=0.000
			min_snow_level=0.000
		}
		period={
			between={ 0.9 30.9 }
			temperature={ 3.0 18.0 }
			no_phenomenon=0.600
			rain_light=0.350
			rain_heavy=0.100
			snow=0.000
			blizzard=0.000
			arctic_water=0.000
			mud=1.000
			sandstorm=0.000
			min_snow_level=0.000
		}
		period={
			between={ 0.10 29.10 }
			temperature={ -1.0 14.0 }
			no_phenomenon=0.500
			rain_light=0.350
			rain_heavy=0.150
			snow=0.000
			blizzard=0.000
			arctic_water=0.000
			mud=1.000
			sandstorm=0.000
			min_snow_level=0.000
		}
		period={
			between={ 0.11 30.11 }
			temperature={ -8.0 13.0 }
			no_phenomenon=0.500
			rain_light=0.300
			rain_heavy=0.150
			snow=0.050
			blizzard=0.000
			arctic_water=0.000
			mud=1.000
			sandstorm=0.000
			min_snow_level=0.000
		}
	}
}
