
strategic_region={
	id=74
	name="STRATEGICREGION_74"
	provinces={
		13 33 70 80 160 162 213 231 448 541 617 625 629 677 730 776 787 958 1029 1138 1155 1304 1366 1505 1509 1562 1621 1766 1810 2142 2149 2309 2475 2482 2595 2637 2646 2692 2703 2746 2755 2762 2773 2775 2809 2902 2928 2940 2954 2960 3094 3122 3268 3340 3349 3510 3573 3596 3984 4000 4033 4056 4097 4111 4134 4228 4315 4352 4433 4521 4531 4725 4826 4858 4873 4974 4990 5015 5078 5190 5239 5245 5260 5313 5315 5317 5318 5319 5320 5321 5322 5323 5324 5325 5326 5327 5328 5329 5330 5331 5332 5333 5335 5336 5337 5339 5340 5341 5342 5343 5344 5347 5349 5352 5353 5354 5357 5358 5359 5360 5362 5363 5365 5366 5369 5371 5378 5379 5381 5382 5383 5386 5390 5394 5399 5400 5403 5404 5409 5415 5417 5421 5422 5425 5429 5430 5440 5442 5445 5447 5450 5453 5454 5455 5456 5460 5465 5466 5471 5476 5479 5485 5486 5496 5499 5513 5518 5519 5521 5533 5534 5548 5554 5584 5590 5599 5621 5631 5647 5654 5659 5667 5675 5681 5696 5697 5706 5708 5725 5730 5737 5738 5744 5753 5754 5755 5763 5773 5774 5778 5779 5780 5781 5793 5797 5811 5817 5818 5823 5824 5830 5837 5838 5839 5848 5849 5862 5863 5864 5871 5875 5876 5877 5883 5884 5896 5897 5898 5902 5922 5927 5934 5935 5943 5944 5958 5959 5968 5969 5970 5988 5997 5998 6011 6021 6067 6118 6137 6166 6196 6212 6220 6221 6227 6238 6239 6275 6284 6285 6295 6313 6333 6340 6349 6350 6372 6385 6401 6425 6454 13279 13391 13679 13898 13908 13938 13993 14060 14123 14155 14165 14210 14224 14276 14302 14415 14508 14523 14546 14571 14672 14714 14719 14723 14780 14784 14793 14809 14816 14824 14827 14837 14893 15001 15009 15127 15129 15144 15173 15314 15344 15345 15347 15399 15429 15450 15452 15463 15484 15541 15548 15600 15602 15603 15617 15625 15657 15675 15708 15710 15740 15749 15776 15782 15805 15852 15873 15887 15908 15911 15927 15953 15998 16015 16038 16079 16086 16099 16155 16161 16234 16237 16239 16287 16299 16335 16361 16365 16412 16425 16462 16475 16494 16496 16503 16505 16506 16507 16514 16515 16518 16519 16524 16527 16528 16533 16534 16535 16545 16550 16552 16553 16555 16558 16560 16561 16569 16570 16579 16580 16584 16593 16595 16597 16602 16603 16608 16609 16614 16615 16616 16617 16618 16619 16620 16623 16624 16628 16633 16638 
	}
	naval_terrain=water_deep_ocean
	weather={
		period={
			between={ 1.1 12.8 }
			temperature={ -10.0 35.0 }
			no_phenomenon=1.500
			rain_light=0.250
			rain_heavy=0.100
			snow=0.000
			blizzard=0.000
			arctic_water=0.000
			mud=0.000
			sandstorm=0.000
			min_snow_level=0.000
		}
	}
}
