
strategic_region={
	id=75
	name="STRATEGICREGION_75"
	provinces={
		633 822 934 975 1141 1295 1302 1585 1747 1829 1928 1943 1997 2077 2289 2896 3009 3011 3031 3452 3515 3651 3957 4133 4252 4431 4442 4641 4660 4692 4795 4986 12665 12666 12668 12670 12671 12672 12673 12674 12677 12678 12680 12681 12682 12684 12685 12687 12688 12691 12693 12696 12697 12699 12700 12701 12705 12710 12713 12714 12717 12718 12722 12726 12727 12731 12745 12752 12762 12763 12772 12785 12786 12799 12801 12829 12842 12844 12855 12856 12866 12867 12868 12878 12884 12896 12907 
	}
	weather={
		period={
			between={ 1.1 12.8 }
			temperature={ -10.0 35.0 }
			no_phenomenon=1.500
			rain_light=0.250
			rain_heavy=0.100
			snow=0.000
			blizzard=0.000
			arctic_water=0.000
			mud=0.000
			sandstorm=0.000
			min_snow_level=0.000
		}
	}
}
