
strategic_region={
	id=76
	name="STRATEGICREGION_76"
	provinces={
		57 107 144 215 219 322 487 504 604 672 709 723 878 896 1002 1163 1185 1206 1235 1319 1325 1390 1420 1425 1513 1525 1590 1662 1703 1743 1824 1938 1946 1954 1995 1998 2043 2058 2059 2067 2081 2109 2153 2156 2163 2214 2251 2255 2273 2279 2314 2321 2347 2350 2385 2443 2504 2520 2540 2546 2570 2578 2582 2591 2613 2630 2632 2667 2682 2702 2737 2751 2769 2790 2813 2840 2904 2944 2964 3038 3045 3046 3175 3185 3191 3246 3251 3275 3300 3324 3330 3344 3355 3388 3417 3422 3446 3470 3534 3621 3886 4031 4036 4122 4148 4154 4181 4210 4233 4289 4293 4393 4462 4474 4524 4764 4791 4821 4843 4855 4864 4959 4991 5038 5063 5116 5160 5162 12695 12708 12711 12721 12725 12729 12730 12734 12739 12740 12743 12744 12749 12750 12751 12756 12757 12759 12760 12761 12764 12765 12769 12771 12777 12778 12780 12781 12782 12784 12787 12788 12793 12794 12795 12797 12798 12800 12803 12806 12808 12809 12812 12813 12820 12821 12822 12823 12824 12826 12828 12830 12831 12835 12836 12840 12841 12843 12846 12847 12849 12852 12853 12854 12857 12858 12861 12862 12863 12865 12869 12870 12871 12874 12875 12876 12877 12881 12882 12885 12888 12889 12890 12892 12895 12898 12900 12901 12902 12903 12909 12910 12914 12915 12916 12917 12920 12921 12927 12929 12931 12932 12933 12936 12937 12938 12944 12945 12949 12950 12951 12953 12954 12960 12964 12968 12969 12972 12977 12978 12979 12981 12982 12984 12985 12989 12990 12992 12994 12998 13000 13001 13002 13005 13006 13007 13010 13012 13013 13018 13019 13022 13023 13025 13026 13030 13031 13036 13037 13042 13043 13044 13045 13049 13050 13052 13054 13057 13060 13064 13065 13068 13069 13070 13073 13074 13075 13081 13086 13087 13090 13091 13092 13096 13102 13103 13104 13106 13110 13117 13118 13121 13123 13124 13139 13140 13145 13146 13147 13158 13159 13160 13161 13162 13167 13176 13177 13186 13192 13197 13198 13199 13200 13201 13206 13211 13212 13219 13220 13227 13232 13233 13241 13242 13248 13252 13257 14055 14348 15337 15464 15593 15705 15712 15814 15829 15837 15857 15879 15940 16007 16046 16096 16131 16243 16251 16459 17149 17153 17154 17157 17158 17163 17167 17174 17189 17196 17220 17221 
	}
	naval_terrain=water_deep_ocean
	weather={
		period={
			between={ 1.1 12.8 }
			temperature={ -10.0 35.0 }
			no_phenomenon=1.500
			rain_light=0.250
			rain_heavy=0.100
			snow=0.000
			blizzard=0.000
			arctic_water=0.000
			mud=0.000
			sandstorm=0.000
			min_snow_level=0.000
		}
	}
}
