
strategic_region={
	id=77
	name="STRATEGICREGION_77"
	provinces={
		154 215 219 487 604 709 723 878 1002 1121 1319 1390 1513 1525 1703 1743 1938 1954 1995 2043 2067 2081 2153 2214 2255 2273 2314 2347 2443 2546 2578 2613 2630 2682 2702 2744 2751 2790 2813 2840 2904 2964 3045 3046 3120 3175 3185 3275 3324 3355 3422 3534 3621 3821 4181 4289 4293 4393 4474 4791 4821 4991 5063 5160 5162 12695 12708 12711 12725 12729 12730 12739 12740 12743 12744 12749 12751 12756 12757 12761 12771 12777 12778 12780 12793 12794 12800 12808 12812 12820 12823 12835 12846 12861 12862 12863 12865 12870 12874 12888 12892 12900 12901 12902 12909 12910 12914 12917 12927 12929 12931 12936 12945 12949 12953 12958 12959 12963 12967 12971 12974 12976 12977 12979 12980 12984 12985 12991 12994 12997 12998 13000 13005 13010 13012 13015 13018 13021 13022 13023 13030 13031 13035 13041 13042 13044 13045 13058 13060 13063 13064 13067 13068 13069 13074 13075 13080 13085 13086 13087 13090 13091 13102 13106 13109 13110 13117 13118 13121 13123 13139 13145 13146 13158 13159 13160 13161 13167 13176 13192 13197 13198 13199 13211 13227 13232 13241 13252 
	}
	weather={
		period={
			between={ 1.1 12.8 }
			temperature={ -10.0 35.0 }
			no_phenomenon=1.500
			rain_light=0.250
			rain_heavy=0.100
			snow=0.000
			blizzard=0.000
			arctic_water=0.000
			mud=0.000
			sandstorm=0.000
			min_snow_level=0.000
		}
	}
}
