
strategic_region={
	id=78
	name="STRATEGICREGION_78"
	provinces={
		1 6 79 126 137 150 316 345 449 520 524 540 597 645 996 1003 1021 1298 1413 1459 1481 1522 1526 1606 1611 1630 1688 1722 1751 1867 1886 1900 1969 2015 2034 2037 2141 2188 2234 2272 2298 2400 2423 2447 2525 2562 2592 2636 2644 2673 2801 2820 2874 3055 3114 3133 3247 3254 3263 3309 3328 3381 3462 3496 3513 3582 3750 3791 3861 3908 3922 3953 4261 4320 4329 4333 4375 4426 4476 4543 4566 4658 4677 4706 4724 4883 4891 4926 5034 5061 5079 5106 5183 5188 5210 5256 5261 5262 12832 12845 12848 12859 12864 12872 12879 12883 12893 12897 12899 12904 12911 12913 12918 12919 12922 12923 12924 12926 12930 12934 12935 12939 12941 12942 12946 12947 12948 12952 12955 12956 12957 12961 12965 12966 12969 12970 12973 12975 12983 12986 12987 12988 12993 12995 12996 12999 13003 13004 13008 13009 13011 13014 13016 13017 13020 13027 13028 13029 13032 13033 13034 13038 13039 13046 13047 13048 13051 13053 13055 13056 13059 13061 13062 13066 13071 13072 13077 13078 13082 13083 13084 13088 13089 13093 13094 13095 13098 13099 13100 13101 13107 13108 13111 13112 13113 13114 13115 13116 13119 13120 13122 13125 13143 13144 13148 13149 13150 13151 13152 13153 13154 13155 13157 13163 13164 13168 13169 13170 13171 13174 13175 13179 13180 13181 13182 13183 13184 13185 13188 13189 13193 13194 13195 13196 13203 13204 13207 13208 13209 13210 13214 13215 13216 13217 13222 13228 13229 13234 13235 13236 13237 13238 13243 13244 13250 13253 13254 13255 13260 13368 
	}
	weather={
		period={
			between={ 1.1 12.8 }
			temperature={ -10.0 35.0 }
			no_phenomenon=1.500
			rain_light=0.250
			rain_heavy=0.100
			snow=0.000
			blizzard=0.000
			arctic_water=0.000
			mud=0.000
			sandstorm=0.000
			min_snow_level=0.000
		}
	}
}
