
strategic_region={
	id=79
	name="STRATEGICREGION_79"
	provinces={
		19 238 380 567 768 806 926 945 1176 1252 1327 1387 1414 1479 1680 1858 1884 1920 2019 2150 2536 2607 2821 2860 2905 2962 3033 3048 3297 3343 3476 3594 3664 3827 4037 4058 4086 4090 4324 4368 4434 4575 4674 4714 4815 4838 4839 4938 4941 4967 4979 4999 5027 5082 5265 12521 12523 12524 12525 12526 12527 12528 12529 12530 12531 12532 12533 12534 12535 12536 12537 12538 12539 12540 12541 12542 12543 12544 12545 12546 12547 12548 12549 12550 12551 12552 12553 12554 12555 12556 12557 12558 12559 12560 12561 12562 12563 12564 12565 12566 12567 12568 12569 12570 12571 12572 12573 12574 12575 12576 12577 12578 12579 12580 12581 12582 12583 12584 12585 12586 12587 12588 12589 12590 12591 12592 12593 12594 12595 12596 12597 12598 12599 12600 12601 12602 12603 12604 12605 12606 12607 12608 12609 12610 12611 12612 12613 12614 12615 12616 12617 12618 12619 12620 12621 12622 12623 12624 12625 12626 12627 12628 12629 12632 12633 12634 12637 12638 12639 12640 12643 12644 12645 12647 13359 13361 13362 13363 17311 
	}
	weather={
		period={
			between={ 1.1 12.8 }
			temperature={ -10.0 35.0 }
			no_phenomenon=1.500
			rain_light=0.250
			rain_heavy=0.100
			snow=0.000
			blizzard=0.000
			arctic_water=0.000
			mud=0.000
			sandstorm=0.000
			min_snow_level=0.000
		}
	}
}
