
strategic_region={
	id=80
	name="STRATEGICREGION_80"
	provinces={
		544 697 922 1317 1332 1333 1449 1507 1872 1964 2038 2144 2245 2351 2455 2564 2585 2597 2619 2766 2808 2852 3145 3400 3509 3567 3575 3647 3661 3744 3898 3938 3958 4035 4120 4159 4183 4650 4688 4746 4936 4947 4971 4973 5000 5062 5080 5135 12659 12660 12661 12662 12663 12664 12675 12676 12679 12683 12686 12689 12692 12694 12704 12706 12707 12709 12712 12715 12716 12719 12720 12723 12724 12728 12732 12733 12736 12737 12738 12741 12742 12746 12747 12748 12753 12754 12755 12758 12766 12767 12768 12770 12773 12774 12775 12776 12779 12783 12789 12790 12791 12792 12796 12802 12804 12805 12807 12810 12811 12814 12816 12817 12818 12819 12825 12827 12834 12838 12839 12850 12851 12860 12873 12880 12887 12891 12906 12908 12912 12925 12928 12940 12943 13365 13366 13367 
	}
	weather={
		period={
			between={ 1.1 12.8 }
			temperature={ -10.0 35.0 }
			no_phenomenon=1.500
			rain_light=0.250
			rain_heavy=0.100
			snow=0.000
			blizzard=0.000
			arctic_water=0.000
			mud=0.000
			sandstorm=0.000
			min_snow_level=0.000
		}
	}
}
