
strategic_region={
	id=82
	name="STRATEGICREGION_82"
	provinces={
		307 365 563 925 1127 1453 1614 1694 1769 1779 1974 2133 2155 2211 2606 3065 3070 3346 3451 3612 3813 3941 3961 4009 4152 4346 4348 4503 4769 4867 4931 4962 5024 5198 5220 5227 12189 12193 12196 12202 12206 12211 12212 12216 12217 12218 12219 12225 12227 12228 12233 12234 12235 12237 12240 12243 12244 12245 12246 12247 12251 12253 12254 12255 12259 12261 12262 12263 12264 12266 12267 12269 12270 12271 12274 12278 12279 12284 12288 12289 12290 12294 12300 12301 12305 12308 12309 12310 12319 12324 12329 12331 12333 12334 12335 12336 12339 12343 12350 12351 12356 12357 12359 12360 12368 12369 12370 12377 12378 12381 12384 12387 12396 12401 12402 12409 12413 12414 12429 12431 12438 12440 12442 12453 12454 12459 12464 12471 12474 12475 12480 12481 12493 12494 12495 12496 12503 12514 12515 12520 13337 13339 13341 13351 
	}
	weather={
		period={
			between={ 1.1 12.8 }
			temperature={ -10.0 35.0 }
			no_phenomenon=1.500
			rain_light=0.250
			rain_heavy=0.100
			snow=0.000
			blizzard=0.000
			arctic_water=0.000
			mud=0.000
			sandstorm=0.000
			min_snow_level=0.000
		}
	}
}
