
strategic_region={
	id=83
	name="STRATEGICREGION_83"
	provinces={
		281 283 293 619 930 1967 2027 2732 3287 3333 3436 3598 3655 3785 4104 4121 4509 4556 5003 5158 12194 12198 12199 12205 12209 12210 12213 12214 12215 12221 12222 12224 12229 12230 12231 12236 12238 12241 12249 12250 12252 12256 12257 12258 12260 12265 12268 12272 12275 12286 12287 12340 13336 13338 13340 
	}
	weather={
		period={
			between={ 1.1 12.8 }
			temperature={ -10.0 35.0 }
			no_phenomenon=1.500
			rain_light=0.250
			rain_heavy=0.100
			snow=0.000
			blizzard=0.000
			arctic_water=0.000
			mud=0.000
			sandstorm=0.000
			min_snow_level=0.000
		}
	}
}
