
strategic_region={
	id=86
	name="STRATEGICREGION_86"
	provinces={
		357 461 821 1890 2566 2915 3000 3525 3606 3673 3755 3803 4143 4316 4364 4554 4844 4889 5050 11676 11710 11720 11727 11746 11762 11787 11789 11921 11945 11950 11955 11973 11975 11982 11997 11999 12008 12009 12020 12021 12022 12026 12034 12035 12036 12037 12042 12043 12045 12049 12052 12053 12055 12056 12063 12066 12071 12072 12079 12089 12090 12110 12111 12129 13332 13333 
	}
	weather={
		period={
			between={ 1.1 12.8 }
			temperature={ -10.0 35.0 }
			no_phenomenon=1.500
			rain_light=0.250
			rain_heavy=0.100
			snow=0.000
			blizzard=0.000
			arctic_water=0.000
			mud=0.000
			sandstorm=0.000
			min_snow_level=0.000
		}
	}
}
