
strategic_region={
	id=88
	name="STRATEGICREGION_88"
	provinces={
		58 688 805 855 1143 1175 1341 1388 1506 1738 1740 1761 1778 1853 1897 2032 2147 2302 2407 2618 2761 3044 3129 3171 3419 3585 3801 3882 3949 3951 3956 4002 4298 4469 4606 4803 4841 4857 5169 5204 12273 12276 12280 12282 12283 12293 12297 12298 12299 12302 12307 12313 12314 12315 12318 12322 12323 12325 12326 12327 12332 12337 12338 12346 12348 12349 12353 12355 12358 12363 12367 12371 12372 12375 12376 12379 12380 12382 12383 12385 12386 12395 12399 12400 12405 12406 12407 12410 12411 12412 12419 12420 12421 12422 12424 12427 12428 12432 12433 12436 12437 12441 12444 12445 12446 12447 12448 12457 12458 12461 12465 12466 12467 12470 12472 12473 12478 12479 12484 12488 12491 12492 12497 12500 12502 12505 12508 12509 12510 12516 12518 12522 13342 13343 13347 13358 
	}
	weather={
		period={
			between={ 1.1 12.8 }
			temperature={ -10.0 35.0 }
			no_phenomenon=1.500
			rain_light=0.250
			rain_heavy=0.100
			snow=0.000
			blizzard=0.000
			arctic_water=0.000
			mud=0.000
			sandstorm=0.000
			min_snow_level=0.000
		}
	}
}
