
strategic_region={
	id=89
	name="STRATEGICREGION_89"
	provinces={
		292 667 736 908 921 1104 1152 1159 1160 1204 1296 1423 1482 1613 1638 2246 2745 2890 3039 3141 3611 3629 3806 3874 3936 3968 4026 4191 4276 4445 4527 5152 5214 12295 12296 12304 12306 12311 12312 12316 12317 12320 12321 12328 12330 12341 12342 12344 12345 12347 12352 12354 12361 12362 12364 12365 12373 12374 12388 12389 12390 12391 12392 12393 12394 12398 12403 12404 12415 12416 12418 12423 12425 12426 12434 12435 12439 12443 12449 12450 12451 12452 12455 12456 12460 12462 12463 12468 12469 12476 12477 12482 12483 12485 12486 12487 12489 12490 12498 12499 12501 12504 12506 12507 12511 12512 12513 12517 12519 13344 13345 13346 13348 13349 13350 13352 13353 13354 13355 13356 13357 
	}
	weather={
		period={
			between={ 1.1 12.8 }
			temperature={ -10.0 35.0 }
			no_phenomenon=1.500
			rain_light=0.250
			rain_heavy=0.100
			snow=0.000
			blizzard=0.000
			arctic_water=0.000
			mud=0.000
			sandstorm=0.000
			min_snow_level=0.000
		}
	}
}
