
strategic_region={
	id=90
	name="STRATEGICREGION_90"
	provinces={
		138 222 545 1022 1132 1343 1350 1352 1426 1452 1470 1672 1674 1698 1770 1805 1940 1984 2044 2086 2205 2227 2388 2464 2523 2554 2653 2686 2726 2777 2806 2818 2823 2826 2968 2997 3072 3143 3255 3292 3295 3334 3390 3453 3460 3463 3591 3683 3686 3869 3959 4015 4161 4216 4218 4229 4257 4271 4374 4412 4485 4523 4536 4673 4702 4703 4752 4797 4917 5026 5037 5090 5095 11387 11393 11404 11412 11428 11439 11443 11444 11449 11454 11462 11467 11470 11475 11480 11489 11498 11503 11510 11515 11518 11519 11530 11539 11543 11544 11548 11549 11550 11551 11552 11555 11562 11566 11571 11572 11576 11585 11586 11587 11591 11594 11600 11604 11605 11606 11607 11612 11613 11614 11618 11619 11623 11625 11626 11633 11640 11643 11644 11651 11652 11655 11661 11662 11663 11666 11667 11680 11681 11682 11685 11687 11688 11695 11696 11697 11700 11703 11711 11712 11713 11716 11717 11725 11726 11736 11737 11739 11742 11744 11750 11751 11756 11759 11760 11773 11776 11777 11779 11783 11784 11788 11792 11807 11811 11812 11813 11814 11825 11837 11841 11842 11850 11861 11872 11881 11886 11889 11892 11904 11905 11910 11926 11927 11933 11947 
	}
	weather={
		period={
			between={ 1.1 12.8 }
			temperature={ -10.0 35.0 }
			no_phenomenon=1.500
			rain_light=0.250
			rain_heavy=0.100
			snow=0.000
			blizzard=0.000
			arctic_water=0.000
			mud=0.000
			sandstorm=0.000
			min_snow_level=0.000
		}
	}
}
