
strategic_region={
	id=91
	name="STRATEGICREGION_91"
	provinces={
		234 393 470 534 901 910 1066 1073 1243 1305 1345 1394 1499 1520 1524 1537 1608 1620 1682 1799 2003 2033 2049 2094 2217 2285 2307 2452 2502 2563 2694 3041 3126 3204 3273 3315 3353 3448 3597 3648 3687 3771 3775 3788 3863 3876 3907 3937 3944 3990 4050 4234 4239 4506 4701 4874 4924 4942 5006 5036 5093 5127 5208 11474 11508 11524 11538 11542 11547 11575 11579 11584 11611 11617 11650 11654 11660 11665 11679 11692 11693 11694 11699 11724 11728 11733 11734 11735 11748 11749 11757 11758 11764 11765 11766 11769 11770 11771 11774 11781 11782 11791 11795 11799 11800 11801 11802 11804 11805 11810 11816 11817 11822 11823 11824 11830 11831 11833 11836 11839 11840 11844 11849 11851 11852 11855 11856 11858 11859 11862 11869 11875 11883 11884 11885 11888 11890 11893 11898 11909 11912 11913 11916 11919 11934 11935 11938 11939 11942 11943 11951 11953 11954 11957 11958 11960 11961 11965 11970 11971 11977 11978 11981 11983 11987 11988 11993 11994 11995 12001 12004 12006 12007 12010 12012 12014 12015 12019 12027 12028 12031 12033 12040 12041 12044 12050 12058 12059 12065 12077 12078 12081 12088 12094 12108 13864 
	}
	weather={
		period={
			between={ 1.1 12.8 }
			temperature={ -10.0 35.0 }
			no_phenomenon=1.500
			rain_light=0.250
			rain_heavy=0.100
			snow=0.000
			blizzard=0.000
			arctic_water=0.000
			mud=0.000
			sandstorm=0.000
			min_snow_level=0.000
		}
	}
}
