
strategic_region={
	id=92
	name="STRATEGICREGION_92"
	provinces={
		40 218 786 1171 1599 1944 1977 2060 2140 2426 2571 2756 2824 3059 3153 3492 3675 3820 4060 4332 4403 4490 4605 4625 4668 4726 4825 5141 11072 11080 11095 11101 11121 11126 11130 11131 11132 11143 11147 11154 11157 11160 11161 11162 11170 11171 11173 11179 11182 11191 11195 11196 11200 11201 11220 11228 11229 11236 11240 11252 11258 11270 11274 11275 11303 
	}
	weather={
		period={
			between={ 1.1 12.8 }
			temperature={ -10.0 35.0 }
			no_phenomenon=1.500
			rain_light=0.250
			rain_heavy=0.100
			snow=0.000
			blizzard=0.000
			arctic_water=0.000
			mud=0.000
			sandstorm=0.000
			min_snow_level=0.000
		}
	}
}
