
strategic_region={
	id=93
	name="STRATEGICREGION_93"
	provinces={
		104 163 172 195 242 408 452 473 497 659 675 679 683 746 750 872 887 955 1315 1536 1545 1604 1811 1828 1852 1930 2064 2189 2294 2305 2323 2412 2434 2503 2506 2560 2658 2753 2754 2795 2810 2837 2862 2885 2953 2975 2993 3008 3040 3042 3067 3221 3243 3253 3265 3267 3310 3314 3425 3608 3644 3717 4018 4029 4030 4032 4052 4085 4113 4153 4157 4168 4323 4350 4365 4413 4428 4563 4596 4763 4767 4817 4856 4863 4906 5059 5070 5083 5089 5120 5136 5242 5250 5251 10278 10295 10299 10301 10313 10333 10336 10337 10340 10349 10361 10366 10373 10379 10388 10396 10397 10404 10405 10416 10429 10446 10449 10457 10475 10478 10479 10480 10486 10491 10494 10501 10502 10514 10515 10520 10532 10546 10552 10553 10554 10557 10562 10569 10570 10578 10586 10591 10596 10597 10598 10602 10609 10631 10632 10633 10643 10644 10645 10653 10654 10669 10670 10671 10672 10691 10692 10698 10703 10709 10710 10718 10723 10729 10730 10740 10748 10749 10750 10759 10775 10781 10782 10783 10787 10807 10808 10809 10818 10821 10822 10827 10841 10842 10845 10846 10863 10864 10873 10874 10883 10889 10890 10897 10898 10903 10904 10915 10918 10924 10930 10931 10939 10950 10954 10957 10960 10961 10975 10976 10993 11000 11001 11006 11010 11013 11022 11031 11032 11039 11040 11049 11052 11054 11061 11062 11068 11072 13327 
	}
	weather={
		period={
			between={ 1.1 12.8 }
			temperature={ -10.0 35.0 }
			no_phenomenon=1.500
			rain_light=0.250
			rain_heavy=0.100
			snow=0.000
			blizzard=0.000
			arctic_water=0.000
			mud=0.000
			sandstorm=0.000
			min_snow_level=0.000
		}
	}
}
