
strategic_region={
	id=94
	name="STRATEGICREGION_94"
	provinces={
		349 537 729 963 1128 1151 1430 1433 1587 1635 1790 2007 2628 2778 2794 2995 3034 3237 3342 3600 3762 3928 3991 4112 4214 4215 4614 5110 5165 10172 10203 10204 10238 10239 10249 10284 10285 10321 10335 10342 10353 10370 10425 10455 10487 10497 10504 10510 10527 10572 10573 10580 10604 10613 10614 10615 10624 10659 10660 10661 10673 10694 10699 10700 10701 10712 10735 10736 10737 10744 10751 10784 10810 10829 10848 10849 
	}
	weather={
		period={
			between={ 1.1 12.8 }
			temperature={ -10.0 35.0 }
			no_phenomenon=1.500
			rain_light=0.250
			rain_heavy=0.100
			snow=0.000
			blizzard=0.000
			arctic_water=0.000
			mud=0.000
			sandstorm=0.000
			min_snow_level=0.000
		}
	}
}
