
strategic_region={
	id=95
	name="STRATEGICREGION_95"
	provinces={
		117 296 349 533 537 695 729 802 811 963 1048 1082 1128 1151 1166 1218 1430 1433 1587 1635 1676 1687 1716 1790 1850 1955 2007 2236 2437 2545 2628 2778 2779 2787 2794 2878 2995 3034 3092 3164 3237 3342 3393 3408 3600 3700 3759 3762 3830 3928 3991 4017 4112 4142 4172 4206 4214 4215 4287 4328 4432 4500 4561 4574 4576 4614 4678 4799 4984 5110 5165 5209 5223 10172 10203 10204 10209 10210 10233 10238 10239 10249 10257 10259 10263 10264 10265 10271 10272 10279 10280 10284 10285 10296 10302 10303 10304 10305 10314 10321 10328 10334 10335 10341 10342 10350 10353 10357 10362 10363 10367 10368 10369 10370 10380 10389 10390 10401 10411 10417 10425 10430 10434 10442 10454 10455 10458 10463 10467 10481 10487 10495 10496 10497 10503 10504 10510 10521 10527 10533 10534 10535 10541 10547 10558 10571 10572 10573 10579 10580 10603 10604 10612 10613 10614 10615 10624 10639 10646 10647 10657 10658 10659 10660 10661 10673 10683 10684 10693 10694 10699 10700 10701 10711 10712 10733 10734 10735 10736 10737 10741 10744 10760 10766 10784 10788 10794 10810 10828 10829 10836 10837 10847 10848 10849 10875 10879 10892 13319 
	}
	weather={
		period={
			between={ 1.1 12.8 }
			temperature={ -10.0 35.0 }
			no_phenomenon=1.500
			rain_light=0.250
			rain_heavy=0.100
			snow=0.000
			blizzard=0.000
			arctic_water=0.000
			mud=0.000
			sandstorm=0.000
			min_snow_level=0.000
		}
	}
}
