
strategic_region={
	id=96
	name="STRATEGICREGION_142"
	provinces={
		545 875 899 992 1028 1030 1033 1144 1168 1343 1352 1470 1672 1674 1770 1805 1851 1940 2523 3216 3255 3292 3782 4015 4019 4218 4271 4372 4702 4766 5090 5253 11337 11370 11375 11376 11392 11412 11422 11423 11442 11443 11449 11459 11480 11488 11493 11498 11509 11510 11515 11525 11529 11530 11539 11543 11548 11549 11562 11571 11585 11586 11604 11606 11607 11618 11623 11625 11655 11661 11662 11666 11695 11696 11700 11711 11736 11739 11742 11744 11776 11783 
	}
	weather={
		period={
			between={ 1.1 12.8 }
			temperature={ -10.0 35.0 }
			no_phenomenon=1.500
			rain_light=0.250
			rain_heavy=0.100
			snow=0.000
			blizzard=0.000
			arctic_water=0.000
			mud=0.000
			sandstorm=0.000
			min_snow_level=0.000
		}
	}
}
