1 37 
1 53 
1 157 
1 277 
1 359 
1 665 
1 692 
1 762 
1 788 
1 1064 
1 1074 
1 1075 
1 1107 
1 1172 
1 1269 
1 1334 
1 1373 
1 1417 
1 1466 
1 1546 
1 1568 
1 1656 
1 1658 
1 1729 
1 1810 
1 1886 
1 1890 
1 1952 
1 2003 
1 2014 
1 2017 
1 2039 
1 2095 
1 2173 
1 2264 
1 2272 
1 2307 
1 2398 
1 2407 
1 2589 
1 2601 
1 2652 
1 2733 
1 2736 
1 2744 
1 2960 
1 3071 
1 3105 
1 3194 
1 3197 
1 3228 
1 3236 
1 3240 
1 3241 
1 3243 
1 3278 
1 3300 
1 3317 
1 3348 
1 3366 
1 3411 
1 3480 
1 3516 
1 3520 
1 3530 
1 3539 
1 3562 
1 3572 
1 3579 
1 3601 
1 3642 
1 3643 
1 3675 
1 3727 
1 3762 
1 3885 
1 3902 
1 3921 
1 3926 
1 3928 
1 4024 
1 4045 
1 4052 
1 4252 
1 4284 
1 4357 
1 4362 
1 4404 
1 4438 
1 4446 
1 4492 
1 4550 
1 4598 
1 4607 
1 4610 
1 4620 
1 4663 
1 4698 
1 4724 
1 4763 
1 4834 
1 4938 
1 4962 
1 4977 
1 5008 
1 5157 
1 5571 
1 6139 
1 6388 
1 6389 
1 6390 
1 6409 
1 6410 
