
state={
	id=113
	name="STATE_113"

	history={
		owner = ABY
		add_core_of = ABY
		victory_points = {
			57 5 
		}
		buildings = {
			13052 = {
				naval_base = 10

			}

		}

	}

	provinces={
		57 107 144 322 504 1185 1235 1325 1425 1590 1662 1946 1998 2058 2109 2156 2163 2251 2385 2504 2520 2540 2570 2582 2591 2667 2737 2769 2944 3191 3251 3300 3344 3417 3446 3470 3886 4031 4122 4154 4233 4462 4843 4959 5038 12721 12734 12750 12759 12760 12764 12765 12769 12781 12782 12784 12787 12788 12795 12797 12798 12803 12806 12809 12813 12821 12822 12824 12826 12828 12830 12831 12836 12840 12841 12843 12847 12849 12852 12853 12854 12857 12858 12869 12871 12875 12876 12877 12881 12882 12885 12889 12890 12895 12898 12903 12915 12916 12920 12921 12932 12933 12937 12938 12944 12951 12964 12972 12978 12982 12990 12992 13002 13007 13026 13037 13050 13052 
	}
	manpower=6000000
	buildings_max_level_factor=1.000
	state_category=megalopolis
	local_supplies=0.000
}
