
state={
	id=117
	name="STATE_117"

	history={
		owner = HIL
		add_core_of = HIL
		victory_points = {
			822 5 
		}
	}

	provinces={
		822 1141 1302 1585 1747 1997 2289 3011 3031 3515 3957 4252 4431 4442 4641 4660 4986 12665 12666 12668 12670 12671 12672 12673 12674 12677 12678 12680 12681 12682 12684 12685 12687 12688 12691 12693 12696 12697 12699 12700 12701 12705 12710 12713 12714 12717 12718 12722 12726 12727 12731 12745 12762 
	}
	manpower=92000000
	buildings_max_level_factor=1.000
	state_category=megalopolis
	local_supplies=0.000
}
