
state={
	id=118
	name="STATE_118"

	history={
		owner = HIL
		add_core_of = HIL
		victory_points = {
			487 5 
		}

	}

	provinces={
		487 604 709 723 1703 1995 2043 2314 2347 2578 2630 2702 2790 2813 2904 3175 3275 3355 3534 3621 4181 4289 4791 4991 5160 12695 12708 12711 12725 12729 12730 12739 12740 12743 12744 12749 12751 12756 12757 12761 12771 12777 12778 12780 12793 12794 12800 12808 12812 12820 12823 12835 12846 12861 12862 12863 12865 12874 12888 12900 12901 12929 12931 12936 12945 12949 
	}
	manpower=3000000
	buildings_max_level_factor=1.000
	state_category=megalopolis
	local_supplies=0.000
}
