
state={
	id=119
	name="STATE_119"

	history={
		owner = HIL
		add_core_of = HIL
		victory_points = {
			215 5 
		}

	}

	provinces={
		215 878 1390 1513 1525 1743 1954 2067 2081 2153 2255 2546 2840 3045 3046 3324 3422 4293 4393 5063 12870 12892 12902 12909 12910 12914 12917 12927 12953 12977 12979 12984 12985 12994 12998 13000 13005 13010 13012 13018 13022 13023 13030 13031 13042 13044 13045 13060 13064 13068 13069 13074 13075 13086 13087 13090 13091 13102 13106 13110 13118 13121 13146 13161 
	}
	manpower=50000000
	buildings_max_level_factor=1.000
	state_category=megalopolis
	local_supplies=0.000
}
