
state={
	id=153
	name="STATE_153"

	history={
		owner = SUM
		add_core_of = SUM
		buildings = {
			infrastructure = 1

		}

	}

	provinces={
		86 361 501 521 636 842 940 1070 1205 1206 1310 1485 1592 1656 1716 1824 1904 2000 2243 2290 2359 2367 2436 2452 2464 2511 2556 2570 2624 2802 3926 3940 3947 3979 3980 3986 3987 4003 4007 4019 4020 4021 4031 4040 4041 4051 4057 4063 4074 4087 4098 4108 4121 4127 4128 4139 4140 4158 4159 4162 4199 4212 4221 4270 6397 
	}
	manpower=679830
	buildings_max_level_factor=1.000
	state_category=wasteland
	local_supplies=0.000
}
