
state={
	id=172
	name="STATE_172"

	history={
		owner = SNE
		add_core_of = SNE
		buildings = {
			infrastructure = 2
			industrial_complex = 1

		}
		victory_points = {
			273 5 
		}
	}

	provinces={
		273 288 370 507 863 1007 1072 1213 1605 1695 1739 1879 1896 2089 2126 2130 2203 2420 2622 2657 2712 2725 2812 2851 3051 3208 3257 3258 3520 3723 3849 3891 3969 4025 4149 4237 4240 4322 4694 7370 7386 7393 7419 7437 7445 7446 7454 7470 7478 7479 7487 7512 7520 7532 7540 7562 7574 7590 7591 7598 7599 7600 7634 7635 7643 7660 7667 7675 7688 7689 7697 7698 7712 7713 7723 7735 7736 7748 7752 7759 7760 7803 7804 7816 7826 7831 7832 7875 7876 7883 7889 7935 7936 7944 7959 7968 7993 7998 8005 8016 8024 8044 8063 8076 8077 8096 8106 8121 8122 8136 8162 8182 
	}
	manpower=161664
	buildings_max_level_factor=1.000
	state_category=rural
	local_supplies=0.000
}
