
state={
	id=173
	name="STATE_173"

	history={
		owner = SNE
		add_core_of = SNE
		victory_points = {
			27 5 
		}
	}

	provinces={
		27 660 813 917 935 1015 1428 1577 1870 2052 2100 2160 2229 2282 2383 2463 2670 2736 2883 2909 3023 3066 3531 3715 3829 4267 4552 4603 4628 4666 4687 4698 4813 4837 4865 4910 5191 5255 5752 5791 5810 5829 5846 5847 5858 5861 5882 5895 5913 5920 5921 5926 5942 5957 5978 5979 5996 6002 6019 6020 6054 6055 6056 6083 6105 6106 6117 6126 6136 6157 6165 6174 6180 6187 6226 6236 6237 6274 6283 6292 6293 6294 6306 6323 6339 6348 6360 6361 6399 6400 6409 6410 6416 6437 6444 6462 6483 6499 6514 6531 
	}
	manpower=40772
	buildings_max_level_factor=1.000
	state_category=wasteland
	local_supplies=0.000
}
