
state={
	id=174
	name="STATE_174"

	history={
		owner = SNE
		add_core_of = SNE
		victory_points = {
			30 5 
		}
	}

	provinces={
		30 36 142 152 181 233 274 319 385 399 417 424 435 453 467 513 546 564 576 640 642 656 749 794 874 880 918 957 1020 1023 1047 1093 1106 1119 1192 1233 1259 1265 1342 1349 1450 1574 1584 1632 1639 1653 1657 1661 1684 1693 1831 1847 1891 1993 2070 2085 2184 2216 2263 2281 2318 2328 2370 2411 2439 2478 2497 2522 2532 2583 2731 2776 2846 2887 2922 2970 2981 2986 3018 3022 3043 3050 3096 3127 3138 3150 3165 3182 3205 3234 3261 3285 3319 3352 3412 3423 3442 3471 3579 3581 3619 3623 3626 3742 3795 3814 3833 3835 3837 3843 3871 3909 3919 3925 3940 3952 3965 4044 4045 4046 4066 4082 4107 4164 4169 4282 4362 4363 4422 4443 4466 4484 4502 4525 4593 4601 4745 4842 4852 4882 4888 4927 4932 4933 4949 4964 4989 5123 5129 5161 5205 5207 5267 5276 5512 5528 5535 5536 5549 5563 5566 5572 5578 5585 5591 5592 5595 5596 5600 5601 5604 5605 5609 5610 5611 5616 5617 5618 5619 5622 5632 5633 5636 5637 5638 5642 5643 5644 5648 5649 5650 5651 5655 5656 5660 5661 5668 5669 5670 5671 5672 5676 5677 5682 5683 5684 5686 5687 5688 5689 5698 5699 5700 5701 5702 5707 5709 5710 5711 5712 5717 5718 5719 5720 5721 5726 5727 5731 5739 5740 5741 5742 5743 5745 5746 5756 5757 5758 5767 5768 5769 5775 5776 5782 5783 5784 5785 5794 5795 5800 5801 5802 5803 5812 5813 5819 5825 5826 5831 5832 5833 5834 5835 5840 5841 5842 5850 5851 5852 5853 5859 5865 5866 5872 5878 5885 5886 5887 5888 5889 5890 5899 5903 5904 5914 5915 5916 5923 5924 5925 5928 5929 5930 5931 5936 5945 5946 5947 5948 5949 5950 5960 5961 5962 5971 5972 5980 5981 5982 5989 5990 5991 5992 5993 5999 6003 6004 6012 6013 6014 6022 6023 6024 6030 6035 6036 6037 6038 6045 6046 6047 6052 6057 6058 6059 6060 6061 6062 6068 6069 6070 6071 6077 6078 6079 6084 6085 6086 6092 6093 6096 6097 6098 6107 6108 6119 6120 6121 6127 6128 6129 6130 6131 6138 6139 6140 6144 6145 6152 6153 6158 6159 6167 6175 6176 6177 6181 6188 6189 6190 6191 6197 6198 6204 6207 6213 6222 6223 6224 6228 6229 6230 6240 6241 6246 6247 6248 6252 6253 6254 6258 6269 6276 6277 6278 6296 6297 6298 6307 6308 6314 6341 6342 6351 6352 6363 6365 6366 6386 6402 6418 6419 6420 6427 6464 6477 6478 6496 6523 6544 6561 
	}
	manpower=77464
	buildings_max_level_factor=1.000
	state_category=wasteland
	local_supplies=0.000
}
