
state={
	id=178
	name="STATE_178"

	history={
		owner = FON
		add_core_of = FON
		buildings = {
			infrastructure = 1
			industrial_complex = 1
			air_base = 1

		}
		victory_points = {
			4 5 
		}
	}

	provinces={
		4 259 558 1558 1732 2074 2342 2397 2459 2477 2535 2567 2729 2839 2849 2955 3058 3214 3306 3763 3858 4049 4266 4295 4361 4386 4404 4595 4631 4718 4727 4823 4860 5244 8166 8231 8279 8306 8310 8339 8384 8407 8442 8443 8444 8449 8464 8465 8473 8480 8481 8496 8497 8514 8524 8540 8541 8561 8576 8589 8610 8618 8636 8641 8687 8736 8756 8765 8793 8819 8850 8869 8895 8969 
	}
	manpower=114512
	buildings_max_level_factor=1.000
	state_category=rural
	local_supplies=0.000
}
