
state={
	id=180
	name="STATE_180"

	history={
		owner = SNE
		add_core_of = SNE
		buildings = {
			infrastructure = 1

		}
		victory_points = {
			82 5 
		}
	}

	provinces={
		82 251 571 1052 1092 1102 1361 1586 1773 1965 1968 2529 2679 2831 2998 3420 3703 4087 4094 4101 4663 4704 4710 4802 5057 5085 5126 5147 5266 6667 6683 6684 6708 6722 6739 6747 6777 6798 6805 6815 6833 6841 6849 6868 6869 6886 6887 6915 6922 6938 6956 6977 6989 7035 7036 7082 7092 7093 7104 7135 7139 7155 7156 7157 7168 7197 7221 
	}
	manpower=207553
	buildings_max_level_factor=1.000
	state_category=pastoral
	local_supplies=0.000
}
