
state={
	id=181
	name="STATE_181"

	history={
		owner = SNE
		add_core_of = SNE
		buildings = {
			infrastructure = 2

		}
		victory_points = {
			96 5 
		}
	}

	provinces={
		96 265 333 536 666 678 718 727 842 1011 1061 1382 1492 1712 1911 1966 2121 2327 2381 2647 2733 2789 2906 2996 3016 3199 3225 3475 3545 3708 3889 3983 4010 4162 4272 4274 4418 4458 4571 4690 4790 4824 4893 7000 7027 7043 7055 7102 7103 7127 7138 7145 7167 7174 7196 7200 7203 7211 7220 7230 7249 7250 7266 7267 7283 7303 7304 7324 7325 7339 7340 7349 7350 7360 7361 7398 7408 7409 7426 7464 7465 7466 7482 7526 7527 7535 7549 7569 7579 7604 7630 7657 7681 7692 7700 7710 7742 7765 7799 
	}
	manpower=300594
	buildings_max_level_factor=1.000
	state_category=town
	local_supplies=0.000
}
