
state={
	id=185
	name="STATE_185"

	history={
		owner = SUM
		add_core_of = SUD
		buildings = {
			industrial_complex = 1

		}
		victory_points = {
			549 5 
		}

	}

	provinces={
		549 738 927 1079 1468 1618 1910 1985 2055 2466 2698 2713 3302 3338 4140 4672 4735 4759 4862 5046 5069 5185 12047 12051 12054 12064 12067 12068 12069 12070 12073 12083 12084 12093 12099 12100 12102 12103 12106 12107 12112 12113 12114 12118 12127 12128 12132 12139 12141 12142 12143 12144 12148 12149 12150 12153 12159 12163 12170 12171 12178 17871 17891 17909 17910 17920 17935 17943 17963 17968 17995 
	}
	manpower=170400
	buildings_max_level_factor=1.000
	state_category=rural
	local_supplies=0.000
}
