
state={
	id=186
	name="STATE_186"

	history={
		add_core_of = NAT
		owner = NAT
		victory_points = {
			2 5 
		}
	}

	provinces={
		2 17 29 37 65 94 132 180 189 197 284 290 310 336 341 377 387 394 400 451 478 479 500 543 580 584 623 631 657 663 668 696 700 731 743 777 781 801 824 849 900 933 980 1034 1039 1044 1095 1103 1112 1124 1167 1172 1290 1303 1329 1337 1353 1381 1393 1463 1477 1603 1615 1679 1731 1748 1750 1821 1903 1935 1942 2029 2111 2112 2113 2127 2237 2284 2341 2392 2450 2457 2550 2759 2811 2907 3027 3184 3194 3298 3299 3332 3335 3761 3793 3883 3916 4132 4225 4662 4705 4887 4908 4937 5211 10055 10073 10076 10111 10185 10377 10394 10432 10453 10485 10623 10638 10697 10780 10856 10982 11092 11136 11278 11355 11356 11629 11664 11721 11790 
	}
	manpower=1668720
	buildings_max_level_factor=1.000
	state_category=pastoral
	local_supplies=0.000
}
