
state={
	id=189
	name="STATE_189"

	history={
		owner = EMP
		add_core_of = EMP

	}

	provinces={
		3 5 7 8 14 24 25 32 35 38 41 44 46 47 48 51 56 59 61 67 75 76 81 83 88 90 93 99 103 115 119 121 123 124 125 128 133 139 140 143 145 146 156 157 159 161 164 169 174 182 187 190 192 202 204 211 212 214 225 228 237 239 241 245 247 248 260 261 262 266 267 269 271 272 289 300 301 303 306 311 312 313 321 325 326 328 329 334 335 337 338 346 351 353 361 362 364 367 368 374 375 376 378 392 406 407 409 420 428 430 436 443 450 454 458 472 474 477 480 481 489 493 508 512 515 516 521 523 526 538 539 542 554 560 565 568 569 573 581 585 586 587 590 592 599 606 607 621 626 634 636 638 639 643 652 653 671 680 682 687 690 691 713 716 720 722 728 733 740 748 757 761 762 766 767 769 771 790 792 793 819 823 825 828 834 835 837 844 850 851 853 854 856 866 885 888 890 893 903 914 919 928 942 943 950 961 964 965 966 968 969 971 972 973 986 987 990 991 992 994 1001 1006 1008 1013 1014 1018 1030 1033 1038 1041 1050 1053 1056 1064 1074 1078 1080 1083 1085 1087 1091 1094 1097 1099 1100 1107 1108 1111 1117 1126 1131 1135 1136 1144 1168 1183 1190 1197 1198 1208 1223 1231 1238 1244 1247 1249 1260 1271 1275 1278 1283 1286 1287 1297 1309 1313 1321 1326 1336 1338 1339 1340 1379 1391 1392 1415 1416 1421 1436 1444 1445 1455 1487 1488 1504 1510 1514 1535 1539 1550 1560 1566 1588 1589 1607 1622 1625 1628 1640 1655 1665 1668 1670 1673 1697 1704 1705 1707 1711 1714 1715 1726 1728 1733 1734 1741 1745 1757 1758 1767 1784 1789 1808 1813 1815 1823 1833 1841 1849 1906 1916 1922 1923 1939 1950 1953 1975 2000 2005 2008 2023 2047 2051 2062 2076 2096 2098 2102 2104 2107 2124 2137 2146 2164 2169 2187 2190 2194 2196 2213 2233 2243 2269 2271 2286 2290 2291 2326 2329 2335 2338 2340 2348 2353 2369 2371 2376 2393 2408 2413 2414 2418 2421 2444 2480 2485 2487 2495 2501 2526 2528 2531 2533 2556 2557 2611 2625 2638 2639 2645 2654 2655 2662 2700 2701 2718 2835 2859 2861 2866 2898 2919 2929 2974 3014 3036 3078 3085 3101 3113 3189 3207 3215 3223 3242 3248 3277 3288 3370 3396 3402 3414 3421 3437 3454 3456 3499 3522 3542 3556 3560 3578 3613 3615 3634 3635 3690 3691 3693 3713 3714 3728 3741 3743 3754 3764 3779 3783 3784 3786 3808 3823 3859 3901 3966 3979 3999 4068 4080 4091 4139 4180 4194 4202 4256 4297 4308 4327 4355 4369 4370 4396 4430 4440 4446 4447 4491 4493 4508 4522 4528 4550 4632 4639 4647 4717 4736 4739 4760 4771 4782 4783 4793 4831 4884 4898 4916 4934 4958 5023 5068 5100 5105 5146 5159 5195 5213 5237 5279 5282 5283 5284 5285 5286 5287 5288 5289 5290 5291 5292 5293 5294 5295 5296 5297 5298 5299 5300 5301 5302 5303 5304 5305 5306 5307 5308 5309 5310 5311 5312 5314 5316 5348 5364 5367 5428 5449 5469 5491 5553 5627 5792 5798 5799 6034 6476 6591 6775 6781 6837 6838 6865 6897 6945 6962 7081 7089 7202 7301 7405 7493 7523 7678 7718 7846 7892 8007 8008 8032 8256 8438 8470 8632 8659 9065 9199 9305 9463 9536 9546 9567 9590 9636 9675 9706 9717 9734 9749 9756 9773 9911 10622 11038 11186 11244 11621 11645 11677 11907 12223 12232 12277 12291 12366 12630 12648 12649 12650 12651 12652 12653 12654 12655 12656 12657 12658 12667 12669 12690 12698 12702 12703 12735 12815 12833 12837 12886 12894 12905 12962 13024 13040 13076 13079 13126 13127 13128 13129 13130 13131 13132 13133 13134 13135 13136 13137 13138 13205 13218 13225 13226 13230 13231 13239 13240 13245 13246 13247 13251 13256 13261 13262 13263 13264 13265 13266 13267 13268 13269 13270 13272 13273 13274 13275 13276 13277 
	}
	manpower=1
	buildings_max_level_factor=1.000
	state_category=wasteland
	local_supplies=0.000
}
