
state={
	id=203
	name="STATE_203"

	history={
		owner = SUD
		add_core_of = SUD
		buildings = {

		}

	}

	provinces={
		176 284 296 419 420 436 442 456 571 710 803 809 828 948 1020 1038 1241 1262 1365 1435 1464 1475 1676 1741 1889 1964 1980 2081 2197 2218 2255 2267 2341 2371 2463 2495 2798 2830 3307 3325 3360 3371 3380 3383 3390 3398 3419 3431 3444 3459 3486 3534 3542 3577 3667 3689 3700 3742 
	}
	manpower=9547
	buildings_max_level_factor=1.000
	state_category=wasteland
	local_supplies=0.000
}
