
state={
	id=205
	name="STATE_205"
	history={
		owner = SUD
		add_core_of = SUD
		buildings = {

		}

	}
	provinces={
		82 385 407 427 487 513 535 546 549 616 656 666 684 726 732 746 758 784 820 821 840 846 885 893 929 957 971 977 986 1031 1035 1104 1113 1165 1169 1211 1215 1248 1345 1355 1383 1407 1418 1474 1594 1613 1621 1690 1709 1750 1751 1816 1866 1899 1905 1987 2073 2143 2177 2195 2393 2394 2406 2483 2544 2553 2566 2656 2660 2668 2717 2718 2727 2781 4157 4191 4229 4241 4282 4347 4376 4418 4451 4469 4530 4588 4648 4664 4767 4882 4940 4941 4994 5037 5063 5140 5172 5199 5227 5244 5294 5311 5353 5362 5374 5392 5403 5428 
	}
	manpower=53131
	state_category = wasteland
	buildings_max_level_factor=1.000
	local_supplies=0.000
}
