
state={
	id=25
	name="STATE_25"

	history={
		owner = ALS
		add_core_of = ALS
		add_core_of = MOT
	
		set_demilitarized_zone = yes
		
		buildings = {
			infrastructure = 3
			industrial_complex = 2
			2500 = {
				naval_base = 2

			}

		}
		victory_points = {
			363 5 
		}

	}

	provinces={
		363 382 941 1063 1150 1242 1272 1551 1643 1830 1914 2017 2024 2356 2405 2465 2580 2699 2706 2889 2934 2977 3076 3109 3178 3196 3252 3559 3765 3792 4004 4118 4119 4204 4262 4342 4378 4380 4385 4394 4459 4580 4671 4868 4945 4960 5051 7080 7101 7143 7164 7180 7192 7217 7238 7239 7246 7257 7271 7278 7293 7311 7322 7346 7347 7354 7377 7389 7422 7432 7439 7440 7441 7448 7459 7491 7492 7501 7502 7503 7513 7541 7542 7543 7544 7553 7554 7563 7576 7583 7584 7593 7611 7618 7619 7620 7621 7637 7638 7639 7652 7663 7668 7690 7705 7706 7725 7739 7740 7772 7773 7805 7806 7818 7843 7856 7868 7884 7885 7898 7899 7939 7953 7996 8006 8018 8025 8046 8064 8070 17260 
	}
	manpower=60625
	buildings_max_level_factor=1.000
	state_category=town
	local_supplies=0.000
}
