
state={
	id=251
	name="STATE_251"

	history={
		owner = NAT
		add_core_of = NAT
		victory_points = {
			1671 5 
		}

	}

	provinces={
		20 37 198 377 663 700 777 1239 1671 1748 1785 1986 2167 2349 2676 2728 2994 3064 3646 3697 3883 4127 4220 4345 5032 5043 10394 10395 10409 10432 10433 10448 10466 10474 10489 10490 10509 10525 10526 10540 10556 10564 10565 10577 10595 10600 10601 10628 10642 10668 10793 
	}
	manpower=40900
	buildings_max_level_factor=1.000
	state_category=pastoral
	local_supplies=0.000
}
