
state={
	id=253
	name="STATE_253"

	history={
		owner = FON
		add_core_of = FON

	}

	provinces={
		89 170 359 415 425 445 465 468 490 514 525 535 566 570 598 628 651 664 686 734 765 873 1089 1146 1181 1186 1205 1236 1237 1251 1262 1273 1301 1344 1389 1447 1511 1512 1595 1601 1689 1749 1839 1840 1842 1848 1871 1878 1881 1926 1992 1996 2157 2176 2195 2219 2235 2252 2267 2360 2398 2435 2509 2515 2524 2587 2649 2782 2834 2864 2868 2917 2938 2939 2978 3024 3056 3320 3378 3387 3411 3503 3590 3599 3603 3654 3720 3868 3896 4014 4144 4184 4319 4359 4387 4402 4691 4805 5013 5025 5073 5164 5194 5230 9506 9568 9649 9662 9663 9669 9677 9679 9714 9739 9747 9759 9767 9781 9788 9815 9818 9839 9854 9855 9895 9899 9900 9907 9918 9919 9928 9932 9934 9935 9936 9943 9959 9963 9978 9979 9994 9995 10005 10006 10013 10016 10017 10037 10044 10045 10048 10049 10050 10057 10070 10074 10081 10084 10085 10086 10091 10098 10119 10121 10122 10127 10128 10129 10130 10134 10140 10141 10149 10153 10154 10161 10170 10171 10178 10181 10191 10192 10197 10214 10221 10222 10229 10230 10232 10262 10283 10294 10311 10312 10330 10339 10348 10351 10352 10356 10360 10378 10383 10384 10410 10421 10441 13308 13310  
	}
	manpower=1194280
	buildings_max_level_factor=1.000
	state_category=rural
	local_supplies=0.000
}
