
state={
	id=265
	name="STATE_265"

	history={
		owner = FON
		add_core_of = FON
		buildings = {
			infrastructure = 3

		}

	}

	provinces={
		3 153 7073 7077 7078 7081 7082 7100 7103 7106 7114 7116 7119 7122 7128 7135 7138 7144 7149 7152 7156 7161 7165 7168 7169 7171 7173 7175 7176 7179 7180 7181 7182 7183 7184 7185 7187 7189 7190 7191 7193 7195 7196 7197 7199 7200 7201 7202 7203 7204 7206 7207 7209 7210 7212 7213 7214 7215 7216 7217 7218 7219 7220 7221 7222 7223 7224 7225 7226 7227 7228 7229 
	}
	manpower=1910810
	buildings_max_level_factor=1.000
	state_category=large_town
	local_supplies=0.000
}
