
state={
	id=282
	name="STATE_282"
	provinces={
		877 5332 5334 5336 5344 5349 5351 7014 7015 7020 7021 7023 7027 7030 7031 7038 7046 7049 7050 7052 7053 7056 7062 7063 7067 7068 7070 7071 7072 7087 7088 7089 7092 7093 7094 7095 7099 7111 7112 7113 7115 7121 7123 7125 7126 7127 7131 7134 7137 7140 7142 7143 7148 7150 7151 7154 7158 7160 7163 7164 7170 7174 7177 7178 7186 7188 7192 7194 7198 7205 7208 7211 
	}
	history={
		owner = FON
		add_core_of = FON
		buildings = {
			infrastructure = 3

		}

	}
	manpower=1
	buildings_max_level_factor=1.000
	local_supplies=0.000
}
