
state={
	id=299
	name="STATE_299"

	history={
		owner = SNE
		add_core_of = SNE
		
		buildings = {
			infrastructure = 1

		}
		victory_points = {
			285 5 
		}
	}

	provinces={
		285 614 739 770 876 947 1069 1133 1280 1583 1760 1873 2148 2162 2297 2325 2377 2451 2490 2616 2633 2930 3075 3211 3231 3533 3605 3985 4117 4401 4608 4689 4779 4921 7714 7715 7732 7737 7769 7770 7817 7842 7853 7854 7855 7890 7909 7915 7937 7969 7984 7985 7994 7995 8017 8037 8045 8088 8113 8114 8123 8154 8155 8156 8176 8177 8183 8184 8196 8204 8217 8240 8241 8255 8266 8283 8291 8292 8313 8355 
	}
	manpower=52853
	buildings_max_level_factor=1.000
	state_category=pastoral
	local_supplies=0.000
}
