
state={
	id=305
	name="STATE_305"
	history={
		owner = CUG
		add_core_of = CUG
		add_core_of = LYU
		buildings = {
			infrastructure = 1
			industrial_complex = 1
			arms_factory = 1

		}

	}
	provinces={
		59 1393 1851 2612 3488 6025 7241 7242 7243 7245 7246 7247 7248 7249 7250 7251 7252 7253 7254 7255 7256 7257 7258 7259 7260 7261 7262 7263 7264 7265 7266 7267 7268 7269 7270 7271 7272 7273 7274 7275 7278 7280 7281 7283 7285 7286 7287 7288 7289 7291 7292 7293 7298 7299 7300 7301 7303 7304 7305 7306 7307 7308 7309 7310 7314 7315 7316 7317 7318 7319 7320 7321 7323 7324 7325 7326 7327 7328 7329 7330 7331 7332 7333 7334 7335 7336 7337 7338 7339 7340 7341 7343 7344 7345 7346 7347 7348 7349 7352 7353 7354 7355 7356 7358 7359 7360 7362 7365 7366 7369 7372 7373 7375 7379 7383 7387 7390 7401 
	}
	manpower=1919810
	state_category=rural
	buildings_max_level_factor=1.000
	local_supplies=0.000
}
