
state={
	id=309
	name="STATE_309"

	history={
		owner = CUG
		add_core_of = CUG
		buildings = {
			infrastructure = 3
			industrial_complex = 2
			arms_factory = 2
		}
		victory_points = {
			2118 20
		}
		victory_points = {
			7454 5
		}

	}

	provinces={
		214 226 860 936 1024 1044 1114 1166 1273 2118 7342 7357 7361 7367 7368 7371 7374 7384 7385 7388 7389 7391 7392 7396 7399 7400 7404 7407 7409 7412 7413 7421 7422 7426 7427 7431 7433 7437 7440 7444 7451 7454 7457 7462 7467 7471 7476 7478 7480 7481 7486 7487 7496 7499 7502 7503 7505 7506 7508 7516 7523 7524 7525 7526 7527 7530 7533 7534 7541 7544 7548 7551 7553 7559 7562 7566 7567 7569 7573 7578 7579 7582 7586 7588 7590 7591 7598 7600 7601 
	}
	manpower=4258535
	buildings_max_level_factor=1.000
	state_category=large_town
	local_supplies=0.000
}
