
state={
	id=313
	name="STATE_313"

	history={
		owner = SNE
		add_core_of = SNE
		buildings = {
			infrastructure = 4
			arms_factory = 4
			industrial_complex = 1

		}

	}

	provinces={
		201 398 439 455 1009 1173 1187 1261 1285 1351 1362 1644 1856 1912 2045 2446 2609 2668 2717 2758 3061 3308 3777 3836 3912 4079 4209 4389 4399 4529 4980 5119 5179 5212 5222 5881 5894 5933 5940 5941 5956 5967 5987 5995 6010 6018 6029 6043 6044 6051 6066 6076 6090 6091 6103 6104 6116 6143 6150 6151 6156 6164 6173 6186 6195 6203 6206 6210 6211 6219 6245 6251 6267 6268 6273 6291 6305 6312 6322 6331 6332 6371 6384 6396 6397 6407 6408 6435 6436 6453 6461 6482 6492 6529 6536 6552 6553 6581 6586 6608 6609 6619 6652 6679 6692 
	}
	manpower=916096
	buildings_max_level_factor=1.000
	state_category=large_city
	local_supplies=0.000
}
