
state={
	id=314
	name="STATE_314"
	resources={
		grain=14.000
		wood=7.000
	}

	history={
		owner = SNE
		add_core_of = SNE
		buildings = {
			infrastructure = 2

		}

	}

	provinces={
		28 196 485 596 654 892 1081 1210 1289 1437 1467 1503 1508 1564 1729 1855 1865 1893 2042 2061 2151 2244 2336 2339 2610 2614 2684 2722 2875 2879 2891 3074 3104 3108 3228 3382 3643 3721 3773 3789 3929 3967 4130 4321 4410 4438 4534 4546 4636 4720 4801 4915 5011 5012 5077 5137 5180 5614 5634 5635 5646 5674 5679 5693 5724 5735 5760 5761 5765 5766 5771 5772 5777 5788 5789 5790 5815 5816 5821 5822 5827 5828 5844 5845 5857 5868 5869 5870 5873 5874 5880 5893 5908 5909 5910 5911 5912 5919 5938 5939 5954 5955 5976 5977 5985 5986 5994 6008 6009 6017 6027 6028 6032 6033 6042 6050 6064 6065 6089 6094 6095 6112 6113 6114 6115 6125 6134 6135 6149 6155 6161 6162 6172 6185 6194 6218 6257 6272 6290 6329 6338 
	}
	manpower=141456
	buildings_max_level_factor=1.000
	state_category=town
	local_supplies=0.000
}
