
state={
	id=316
	name="STATE_316"

	history={
		owner = SNE
		add_core_of = SNE
		buildings = {
			infrastructure = 4
			arms_factory = 2
			industrial_complex = 5

		}

	}

	provinces={
		84 95 203 421 422 818 860 1024 1055 1203 1592 1691 2386 2575 2757 2880 3013 3226 3491 3536 4451 4489 4987 5030 5052 6709 6726 6763 6784 6809 6819 6821 6851 6855 6862 6873 6890 6891 6902 6903 6907 6917 6942 6951 6960 6961 6972 6985 6992 7016 7017 7031 7040 7041 7065 7072 7086 7098 7099 7109 7141 7150 7161 7171 7172 7178 7209 7226 7236 7237 7263 7270 7307 7308 7331 7337 7343 7387 7400 7401 7420 7447 
	}
	manpower=700544
	buildings_max_level_factor=1.000
	state_category=large_city
	local_supplies=0.000
}
