
state={
	id=317
	name="STATE_317"

	history={
		owner = SNE
		add_core_of = SNE
		buildings = {
			infrastructure = 3
			industrial_complex = 3
			arms_factory = 2

		}

	}

	provinces={
		200 495 552 574 1046 1084 1658 1765 1803 1875 1976 2382 2494 2579 2612 2680 2842 2946 3017 3035 3280 3384 3577 3688 3768 3845 3878 4078 4478 4510 4532 4620 4762 4848 4894 5058 5249 6163 6244 6266 6282 6311 6330 6358 6359 6370 6383 6393 6394 6395 6406 6433 6434 6452 6459 6460 6472 6473 6498 6505 6511 6512 6518 6519 6527 6528 6551 6560 6574 6580 6597 6598 6599 6607 6628 6629 6644 6645 6651 6661 6662 6663 6669 6678 6691 6698 6710 6711 6718 6727 6728 6734 6743 6756 6764 6765 6779 6780 6785 6793 6801 6810 6820 6822 6846 6847 6863 6883 6892 6893 6935 6952 7010 7018 7019 7049 7079 7110 
	}
	manpower=646656
	buildings_max_level_factor=1.000
	state_category=city
	local_supplies=0.000
}
