
state={
	id=318
	name="STATE_318"

	history={
		owner = SNE
		add_core_of = SNE
		buildings = {
			infrastructure = 3
			arms_factory = 2

		}

	}

	provinces={
		49 87 116 178 379 491 548 550 763 816 864 1216 1331 1533 1652 1709 1980 2026 2116 2171 2224 2230 2250 2287 2468 2479 2513 2648 2800 2943 3030 3084 3169 3269 3519 3595 3628 3797 3864 3923 4292 4331 4408 4581 4657 4683 4871 4935 5113 5201 5224 5234 5274 6755 6927 6928 6934 6950 6959 6970 6971 6981 6982 6983 6984 7009 7030 7039 7047 7048 7064 7078 7096 7097 7107 7108 7120 7130 7131 7132 7159 7160 7170 7176 7177 7185 7186 7187 7188 7208 7213 7214 7222 7223 7224 7225 7235 7244 7254 7255 7275 7289 7290 7291 7297 7305 7306 7319 7320 7330 7336 7366 7367 7368 7369 7385 7399 7417 7418 7429 7430 7458 7476 7477 7486 7519 7561 7597 7617 
	}
	manpower=525408
	buildings_max_level_factor=1.000
	state_category=city
	local_supplies=0.000
}
