
state={
	id=319
	name="STATE_319"
	resources={
		grain=11.000
	}

	history={
		owner = SNE
		add_core_of = SNE
		buildings = {
			infrastructure = 2
			industrial_complex = 1

		}

	}

	provinces={
		207 294 440 505 673 1032 1165 1422 1442 1493 1531 1721 1857 1868 1894 2135 2295 2308 2391 2603 2708 2950 3053 3358 3375 3386 3399 3530 3632 3679 3692 3719 3899 3963 4054 4074 4188 4217 4247 4538 4969 5053 5066 5097 5168 5243 5259 5692 5704 5723 5732 5749 5786 5796 5807 5855 5906 5918 5932 5953 5964 5984 6006 6048 6088 6133 6183 6200 6201 6209 6250 6256 6316 6319 6376 6415 6450 6457 6458 6469 6470 6481 6491 6504 6509 6517 6526 6550 6558 6559 6565 6578 6579 6618 6626 6627 6637 6677 6689 6690 6706 6716 6717 6742 6753 6754 6778 6808 6818 6845 6861 6901 
	}
	manpower=215552
	buildings_max_level_factor=1.000
	state_category=large_town
	local_supplies=0.000
}
