
state={
	id=320
	name="STATE_320"

	history={
		owner = SNE
		add_core_of = SNE
		buildings = {
			infrastructure = 4
			industrial_complex = 5
			arms_factory = 1

		}

	}

	provinces={
		742 904 1256 1502 1683 1962 2012 2346 2527 2816 2966 2984 3098 3372 3505 3752 3902 3992 4283 4338 4757 5856 5867 5879 5892 5907 5965 5966 5975 6007 6016 6031 6049 6075 6082 6102 6110 6111 6124 6141 6142 6148 6170 6171 6179 6184 6202 6217 6225 6235 6243 6263 6264 6265 6280 6281 6289 6304 6309 6310 6320 6321 6328 6337 6347 6357 6369 6377 6378 6382 6405 6424 6432 6451 6471 6510 
	}
	manpower=862208
	buildings_max_level_factor=1.000
	state_category=large_city
	local_supplies=0.000
}
