
state={
	id=322
	name="STATE_322"

	history={
		owner = SNE
		add_core_of = SNE
		buildings = {
			infrastructure = 2

		}

	}

	provinces={
		118 434 809 852 869 1120 1364 1377 1478 1553 1554 1565 1580 1631 1783 2048 2083 2120 2168 2197 2427 2893 2999 3090 3148 3259 3270 3303 3359 3428 3432 3639 3948 4269 4300 4405 4598 4681 4732 4800 4881 4972 5115 5917 5974 5983 6005 6026 6040 6041 6053 6072 6073 6074 6100 6101 6123 6154 6160 6168 6169 6193 6205 6208 6215 6216 6234 6249 6255 6259 6260 6261 6262 6270 6271 6288 6303 6317 6318 6325 6326 6327 6335 6336 6355 6356 6368 6381 6388 6389 6390 6391 6392 6404 6412 6413 6414 6430 6431 6443 6448 6449 6456 6465 6466 6467 6468 6480 6490 6503 6508 6516 6525 6535 6547 6548 6549 6571 6572 6573 6577 6596 6605 6606 6625 6636 6687 6688 6694 
	}
	manpower=107776
	buildings_max_level_factor=1.000
	state_category=large_town
	local_supplies=0.000
}
