
state={
	id=323
	name="STATE_323"

	history={
		owner = SNE
		add_core_of = SNE
		buildings = {
			infrastructure = 3
			industrial_complex = 3
			arms_factory = 1

		}

	}

	provinces={
		34 43 208 324 836 976 1299 1641 2018 2262 2602 2770 2771 2910 2948 3052 3091 3197 3284 3477 3689 3753 3945 4039 4114 4242 4579 5064 5500 5516 5537 5541 5555 5556 5567 5579 5586 5612 5620 5623 5624 5645 5652 5657 5662 5663 5690 5691 5703 5713 5714 5722 5747 5748 5759 5764 5804 5805 5806 5814 5836 5843 5854 5860 5891 5900 5901 5905 5937 5951 5952 5963 5973 6000 6001 6015 6025 6039 6063 6081 6087 6099 6109 6122 6132 6147 6192 
	}
	manpower=202080
	buildings_max_level_factor=1.000
	state_category=city
	local_supplies=0.000
}
