
state={
	id=324
	name="STATE_324"
	resources={
		wood=8.000
	}

	history={
		owner = SNE
		add_core_of = SNE
		buildings = {
			infrastructure = 2
			industrial_complex = 1

		}

	}

	provinces={
		193 264 277 522 575 611 759 879 929 932 951 1207 1257 1264 1320 1335 1402 1440 1472 1521 1596 1654 1775 1780 1826 1918 2101 2158 2185 2359 2373 2379 2481 2629 2724 2747 2916 2941 3054 3111 3202 3636 3649 3729 3804 3917 4205 4208 4304 4398 4456 4470 4483 4540 4555 4586 4661 4716 4749 4809 4920 4966 5004 5254 6362 6364 6373 6417 6426 6438 6439 6445 6463 6484 6485 6494 6495 6500 6501 6521 6522 6532 6533 6534 6540 6541 6542 6543 6555 6576 6583 6592 6593 6594 6595 6600 6601 6611 6612 6613 6614 6615 6631 6632 6640 6655 6656 6657 6666 6671 6672 6681 6682 6702 6707 6714 6720 6721 6737 6738 6745 6746 6759 6771 6776 6791 6797 6804 6812 6813 6814 6824 6825 6826 6832 6840 6853 6857 6866 6867 6874 6875 6880 6885 6906 6908 6909 6910 6914 6920 6921 6930 6931 6936 6937 6946 6947 6954 6955 6963 6976 6988 6994 6999 7006 7007 7008 7034 7054 7068 7069 7070 7117 7134 7144 7195 
	}
	manpower=80832
	buildings_max_level_factor=1.000
	state_category=town
	local_supplies=0.000
}
