
state={
	id=325
	name="STATE_325"
	resources={
		grain=12.000
	}

	history={
		owner = SNE
		add_core_of = SNE
		buildings = {
			infrastructure = 2
			industrial_complex = 2

		}

	}

	provinces={
		210 384 517 1403 1624 1762 1793 2128 2131 2221 2239 2247 2274 2277 2456 2460 2642 2677 3021 3128 3195 3391 3550 3665 3669 3678 3810 3910 3950 3976 4016 4280 4424 4551 4602 4654 4742 4786 4880 4946 5001 5010 5098 5114 7229 7259 7265 7302 7359 7378 7397 7425 7463 7481 7516 7517 7525 7578 7595 7596 7644 7656 7708 7709 7728 7793 7794 7810 7837 7838 7848 7859 7865 7871 7881 7901 7902 7903 7919 7927 7942 7947 7948 7955 7962 7977 8000 8009 8019 8020 8033 8040 8050 8072 8073 8074 8080 8081 8101 8128 8129 8139 8140 8159 8187 8198 8199 8228 8244 8276 8387 
	}
	manpower=121248
	buildings_max_level_factor=1.000
	state_category=large_town
	local_supplies=0.000
}
