
state={
	id=326
	name="STATE_326"

	history={
		owner = SNE
		add_core_of = SNE
		buildings = {
			infrastructure = 2
			industrial_complex = 2

		}

	}

	provinces={
		16 101 175 438 692 715 764 783 1300 1398 1660 1801 2004 2006 2092 2218 2301 2409 2440 2651 2931 2956 3026 3028 3329 3347 3482 3548 3607 3645 3657 3877 4128 4137 4231 4251 4343 4460 4590 4600 4637 4664 4676 4765 4859 5241 6799 6800 6807 6843 6844 6872 6889 6912 6926 6940 6941 6949 6965 6969 6980 6995 7002 7014 7015 7038 7058 7063 7071 7077 7084 7085 7106 7119 7140 7148 7149 7175 7206 7207 7233 7234 7243 7253 7269 7287 7288 7318 7342 7365 7372 7373 7391 7392 7411 7436 7443 7444 7453 7485 7509 7530 7531 7573 7582 7606 7633 7642 7674 7686 7694 7695 7734 7786 7787 7852 
	}
	manpower=151560
	buildings_max_level_factor=1.000
	state_category=large_town
	local_supplies=0.000
}
