
state={
	id=327
	name="STATE_327"
	resources={
		grain=7.000
	}

	history={
		owner = SNE
		add_core_of = SNE
		buildings = {
			infrastructure = 2
			arms_factory = 1

		}

	}

	provinces={
		11 113 275 496 562 685 796 909 1049 1196 1266 1292 1383 1446 1486 1845 1885 1905 1991 2105 2306 2344 2429 2519 2688 2697 2741 2829 2873 2882 2901 3071 3198 3326 3394 3555 3563 3576 3740 3794 3826 4367 4488 4494 4613 4626 4648 4822 5171 6080 6146 6178 6182 6199 6214 6231 6232 6233 6242 6279 6286 6287 6299 6300 6301 6302 6315 6324 6334 6343 6344 6345 6346 6353 6354 6367 6374 6375 6379 6380 6387 6403 6411 6421 6422 6423 6428 6429 6440 6441 6442 6446 6447 6455 6479 6486 6487 6488 6489 6497 6502 6507 6524 6545 6546 6556 6557 6562 6563 6564 6568 6569 6570 6584 6585 6602 6603 6616 6617 6620 6621 6622 6623 6624 6633 6634 6635 6641 6648 6649 6658 6659 6668 6673 6685 6686 6703 6704 6715 6723 6724 6732 6748 6749 6760 6761 6772 6773 6806 6816 6827 6858 6881 6911 
	}
	manpower=70728
	buildings_max_level_factor=1.000
	state_category=town
	local_supplies=0.000
}
