
state={
	id=328
	name="STATE_328"
	resources={
		grain=10.000
	}

	history={
		owner = SNE
		add_core_of = SNE
		buildings = {
			infrastructure = 1

		}

	}

	provinces={
		23 258 286 760 1145 1195 1224 1250 1555 1772 1802 2031 2040 2200 2231 2260 2681 3160 3168 3356 3817 3844 3935 3939 4089 4311 4611 4729 8584 8626 8638 8644 8689 8698 8705 8728 8737 8743 8748 8771 8784 8801 8802 8809 8839 8840 8841 8842 8852 8882 8883 8896 8901 8930 8931 8932 8943 8944 8950 8951 8979 8980 8981 8988 8994 8995 9001 9010 9027 9028 9029 9030 9039 9049 9061 9098 9132 9133 9136 9160 9171 9173 
	}
	manpower=101040
	buildings_max_level_factor=1.000
	state_category=rural
	local_supplies=0.000
}
