
state={
	id=331
	name="STATE_331"

	history={
		owner = SNE
		add_core_of = SNE
		buildings = {
			infrastructure = 3
			industrial_complex = 1

		}

	}

	provinces={
		342 447 644 719 1410 1448 1456 1609 1735 1782 2036 2071 2090 2170 2458 2507 2521 2819 3077 3080 3317 3367 3431 3447 3770 4176 4200 4582 4653 5111 5132 7750 7784 7812 7840 7850 7860 7872 7905 7906 7920 7921 7928 7929 7934 7973 7978 7979 7990 7997 8001 8026 8027 8035 8041 8051 8052 8057 8058 8066 8075 8083 8092 8097 8102 8103 8107 8108 8134 8135 8142 8149 8160 8164 8169 8192 8193 8200 8210 8230 8236 8246 8295 8304 8348 8377 8440 
	}
	manpower=85884
	buildings_max_level_factor=1.000
	state_category=large_town
	local_supplies=0.000
}
