
state={
	id=333
	name="STATE_333"

	history={
		owner = SNE
		add_core_of = SNE
		buildings = {
			infrastructure = 4
			arms_factory = 2
			industrial_complex = 4

		}

	}

	provinces={
		130 141 167 224 323 492 547 582 637 779 877 891 907 915 937 1017 1071 1323 1424 1496 1579 1627 1804 1809 1913 2066 2240 2248 2261 2312 2322 2324 2358 2719 2786 2884 2912 2989 3006 3020 3116 3262 3296 3363 3374 3488 3494 3524 3547 3553 3566 3583 3694 3722 3730 3971 3988 4005 4084 4146 4170 4179 4223 4353 4425 4487 4558 4612 4629 4721 4750 4911 4985 5096 5139 5167 5229 5240 6693 6750 6751 6752 6782 6817 6828 6834 6842 6850 6870 6871 6876 6877 6882 6888 6898 6899 6900 6923 6924 6925 6932 6939 6948 6957 6978 6979 6990 6991 7001 7028 7029 7037 7044 7045 7046 7056 7057 7062 7083 7094 7095 7105 7118 7128 7129 7136 7146 7147 7158 7169 7183 7184 7198 7201 7204 7205 7212 7231 7232 7242 7252 7260 7261 7262 7268 7273 7274 7284 7285 7286 7314 7315 7316 7317 7328 7329 7341 7351 7363 7364 7380 7381 7382 7383 7384 7390 7410 7415 7416 7427 7428 7434 7435 7442 7451 7452 7467 7468 7469 7475 7483 7484 7499 7507 7508 7518 7528 7529 7536 7537 7538 7550 7558 7559 7572 7580 7587 7588 7613 7614 7615 7625 7626 7632 7646 7647 7672 7673 7682 7683 7684 7685 7701 7719 7720 7731 7743 7756 7767 7777 7778 7785 7813 7822 7851 7887 7888 7895 7896 7930 7943 7974 8002 8028 8059 8084 
	}
	manpower=57256
	buildings_max_level_factor=1.000
	state_category=large_city
	local_supplies=0.000
}
