
state={
	id=334
	name="STATE_334"

	history={
		owner = SNE
		add_core_of = SNE
		buildings = {
			infrastructure = 3
			industrial_complex = 2
			arms_factory = 1

		}

	}

	provinces={
		86 149 344 557 717 857 983 1384 1441 1530 1578 1794 2050 2181 2331 2572 2715 2844 2847 3060 3118 3156 3174 3201 3318 3322 3395 3464 3498 3504 3960 3995 4051 4102 4116 4160 4421 4435 4454 4501 4607 5112 7581 7648 7711 7744 7745 7751 7757 7779 7800 7814 7823 7827 7828 7873 7897 7907 7911 7922 7931 7949 7950 7956 7963 7964 7975 7980 7981 7982 7991 8003 8012 8013 8014 8029 8030 8042 8043 8060 8067 8068 8085 8094 8099 8104 8118 8119 8120 8130 8143 8152 8153 8161 8170 8171 8172 8194 8212 8213 8223 8224 8232 8252 8280 8288 8289 8297 8298 8328 8340 8354 8359 8413 8421 
	}
	manpower=128826
	buildings_max_level_factor=1.000
	state_category=city
	local_supplies=0.000
}
