state={
	id=376
	name="STATE_376"
	provinces={
		13 33 162 213 231 541 1029 1138 1155 1505 1509 1766 1810 2149 2595 2755 2773 2809 2902 2960 3510 4000 4056 4134 4228 4826 5078 5190 5245 5313 5315 5317 5318 5319 5320 5321 5322 5323 5324 5325 5326 5327 5328 5329 5330 5331 5332 5333 5335 5336 5337 5339 5340 5341 5342 5343 5344 5347 5349 5352 5353 5354 5357 5358 5359 5360 5362 5363 5365 5366 5369 5371 5378 5386 5400 5404 5415 5425 5430 5440 5445 5456 5460 5476 
	}
			history={
		owner = CUG
		victory_points = {
			13 5 
		}
		}
	manpower=2000
	buildings_max_level_factor=1.000
	state_category=wasteland
	local_supplies=0.000
}
