
state={
	id=380
	name="STATE_380"
	provinces={
		80 160 448 629 1304 2142 2309 2646 2746 2762 2940 3340 4033 4097 4111 4352 4521
		 4858 4873 4974 5471 5479 5513 5521 5554 5659 5738 5755 5778 5797 5817 5823 5824
		  5838 5862 5863 5864 5871 5875 5876 5883 5897 5922 5927 5934 5935 5958 5959 5997
		  5998 6021 6118 6137 6166 6196 6212 6220 6221 6227 6238 6239 6275 6284 6285 6295
		   6313 6333 6340 6349 6350 6372 6385 6401 6425 6454 
	}
			history={
		owner = CUG
		victory_points = {
			80 5 
		}
		}
	manpower=2000
	buildings_max_level_factor=1.000
	state_category=wasteland
	local_supplies=0.000
}
