
state={
	id=385
	name="STATE_385"
	resources={
		aluminium=74.000
		chromium=34.000
		tungsten=21.000
	}

	history={
		owner = SUM
		add_core_of = SUM
		buildings = {
			infrastructure = 1

		}
		victory_points = {
			117 5 
		}

	}

	provinces={
		117 533 695 811 1082 1166 1676 1687 1716 1850 2236 2437 2545 2779 2787 2878 3092 3164 3393 3408 3700 3759 4142 4172 4206 4287 4328 4432 4500 4561 4576 4678 4799 5209 5223 10209 10210 10233 10257 10259 10263 10264 10265 10271 10272 10279 10280 10296 10302 10303 10304 10305 10314 10328 10334 10341 10350 10357 10362 10363 10367 10368 10369 10380 10389 10390 10401 10411 10417 10430 10434 10442 10454 10458 10463 10467 10481 10495 10496 10503 10521 10533 10534 10535 10541 10547 10558 10571 10579 10603 
	}
	manpower=256123
	buildings_max_level_factor=1.000
	state_category=rural
	local_supplies=0.000
}
