state={
	id=392
	name="STATE_392"
				history={
		owner = SUM
		add_core_of = SUM
		victory_points = {
			534 5 
		}
				}
	provinces={
		534 1345 1394 1799 2003 2049 2094 2299 2563 3315 3597 3687 3775 3907 3944 4050 4105 4174 4570 4787 4874 4924 5006 5093 11474 11508 11524 11538 11542 11547 11557 11561 11575 11579 11584 11617 11642 11650 11654 11660 11665 11679 11693 11694 11699 11724 11728 11734 11735 11758 11766 11770 11771 11782 11791 11801 11802 11816 11817 11818 11823 11824 11836 11840 11844 11851 11852 11862 11869 11885 11888 11893 11898 11916 11919 11943 17308 17309 17310 
	}
	manpower=2000
	buildings_max_level_factor=1.000
	state_category=wasteland
	local_supplies=0.000
}
