
state={
	id=394
	name="STATE_394"
				history={
		owner = SUM
		add_core_of = SUM
		victory_points = {
			393 5 
		}
				}
	provinces={
		393 470 910 1066 1243 1305 1499 1520 1537 1608 1682 2033 2217 2307 2452 2502 2694 3041 3126 3273 3353 3448 3648 3771 3937 3990 4234 4239 4506 4701 5127 5208 11890 11909 11912 11913 11934 11935 11938 11939 11942 11951 11953 11954 11958 11960 11961 11965 11970 11971 11977 11978 11981 11983 11987 11988 11993 11994 11995 12001 12004 12007 12010 12014 12015 12019 12027 12028 12033 12040 12041 12044 12058 12059 12065 12077 12078 12081 12088 12094 12108 
	}
	manpower=2000
	buildings_max_level_factor=1.000
	state_category=wasteland
	local_supplies=0.000
}
