state={
	id=395
	name="STATE_395"
				history={
		owner = SUM
		add_core_of = SUM
		victory_points = {
			340 5 
		}
				}
	provinces={
		340 1132 1148 1352 1426 1470 1672 1674 2523 2726 2968 3292 3390 3453 3686 4015 4218 4271 4307 4374 4523 5026 5149 11387 11393 11404 11412 11428 11443 11449 11454 11480 11498 11510 11515 11530 11548 11549 11585 11586 11607 11623 11655 11662 11695 11696 11700 11711 11736 11744 11776 11783 11788 11825 11850 11853 11871 11876 11881 11892 11899 11904 11926 11947 
	}
	manpower=2000
	buildings_max_level_factor=1.000
	state_category=wasteland
	local_supplies=0.000
}
