state={
	id=396
	name="STATE_396"
				history={
				victory_points = {
			138 5 
		}
		owner = SUM
		add_core_of = SUM
				}
	provinces={
		138 222 1022 1350 1452 1698 1770 1984 2044 2086 2205 2227 2388 2464 2554 2653 2686 2777 2806 2818 2823 2826 2997 3072 3143 3255 3295 3460 3463 3591 3683 3869 3959 4161 4216 4229 4412 4485 4536 4673 4703 4752 4797 4917 5037 5095 11439 11444 11462 11467 11470 11475 11489 11503 11518 11519 11543 11544 11550 11551 11552 11555 11562 11566 11572 11576 11587 11591 11594 11600 11605 11612 11613 11619 11626 11633 11640 11644 11651 11652 11667 11680 11681 11682 11685 11687 11688 11697 11703 11712 11713 11716 11717 11725 11726 11737 11750 11751 11756 11759 11760 11773 11777 11779 11784 11792 11807 11811 11812 11813 11814 11837 11841 11842 11861 11872 11886 11889 11905 11910 11927 11933 
	}
	manpower=2000
	buildings_max_level_factor=1.000
	state_category=wasteland
	local_supplies=0.000
}
