
state={
	id=414
	name="STATE_414"
	history={
		owner = SUM
		add_core_of = SUM

	}
	provinces={
		104 473 675 679 683 746 750 1604 1811 1828 1852 2189 2323 2560 2754 2810 2885 2953 3221 3265 3644 3717 4085 4168 4563 4763 4817 4906 5089 5242 10337 10340 10388 10416 10429 10449 10457 10480 10491 10494 10515 10532 10553 10554 10570 10578 10586 10591 10598 10632 10633 10645 10669 10670 10671 10672 10703 10710 10718 10723 10749 10759 10775 10863 
	}
	manpower=1467965
	buildings_max_level_factor=1.000
	state_category = town
	local_supplies=0.000
}
