
state={
	id=436
	name="STATE_436"
	history={
		owner = SUD
		add_core_of = SUD

	}
	provinces={
		17926 17930 17931 17941 17945 17953 17957 17961 17975 17976 17977 17978 17981 17987 18000 18001 18002 18004 18005 18012 18013 18016 18021 18023 18024 18025 18029 18032 18037 18041 18046 18047 18055 18059 18061 18062 18063 18064 18068 18069 18087 18088 18090 18091 18093 18094 18097 18098 18099 18101 18106 18117 18119 18122 18125 18126 18128 18131 18135 18136 18157 18174 
	}
	manpower=114514
	buildings_max_level_factor=1.000
	state_category = rural
	local_supplies=0.000
}
