
state={
	id=440
	name="STATE_440"
	history={
		owner = SUD
		add_core_of = SUD

	}
	provinces={
		18118 18120 18121 18124 18146 18151 18152 18156 18163 18164 18182 18183 18184 18188 18189 18193 18202 18206 18210 18211 18216 18219 18221 18226 18234 18241 18242 18249 18250 18251 18256 18257 18264 18278 18279 18287 18288 18291 18298 18305 18312 18320 18323 18324 18332 18350 18351 18352 18360 18365 18396 18397 18406 18407 18425 18448 18468 
	}
	manpower=41341
	buildings_max_level_factor=1.000
	state_category = wasteland
	local_supplies=0.000
}
