
state={
	id=445
	name="STATE_445"

	history={
		owner = SUD
		add_core_of = SUD

	}

	provinces={
		109 444 463 674 1057 1113 1162 1400 1929 2406 2472 2631 2838 2865 2918 3003 3224 3413 3439 3894 3933 4099 4185 4199 4299 4409 4427 4625 4806 5246 10677 10708 10717 10728 10758 10786 10800 10806 10817 10840 10844 10857 10862 10882 10888 10909 10923 10933 10943 10948 10949 10984 11028 11030 11043 11126 
	}
	manpower=66656
	buildings_max_level_factor=1.000
	state_category=rural
	local_supplies=0.000
}
