state={
	id=450
	name="STATE_450"
	history={
		owner = SUD
		add_core_of = SUD

	}
	provinces={
		18371 18382 18383 18389 18390 18403 18404 18412 18413 18418 18429 18433 18440 18443 18453 18454 18457 18469 18472 18474 18477 18487 18498 18499 18500 18504 18505 18506 18523 18524 18527 18529 18533 18539 18542 18548 18557 18558 18561 18565 18568 18570 18572 18573 18583 18585 18591 18595 18599 18603 18614 
	}
	manpower=23451
	buildings_max_level_factor=1.000
	state_category = wasteland
	local_supplies=0.000
}
