
state={
	id=453
	name="STATE_453"
	history={
		add_core_of = NAT
		owner = NAT

	}
	provinces={
		18629 18633 18648 18662 18663 18683 18689 18699 18700 18709 18721 18724 18735 18738 18739 18747 18748 18749 18750 18766 18767 18770 18773 18774 18780 18784 18787 18796 18802 18805 18810 18817 18835 18838 18858 18860 18874 18893 18904 18917 18929 18936 18940 18960 18966 18973 18975 18976 18986 18991 18992 
	}
	manpower=589612
	buildings_max_level_factor=1.000
	state_category = rural
	local_supplies=0.000
}
