
state={
	id=454
	name="STATE_454"
	history={
		add_core_of = NAT
		owner = NAT

	}
	provinces={
		18714 18719 18722 18742 18754 18763 18771 18772 18781 18789 18790 18791 18806 18807 18811 18815 18818 18819 18823 18824 18825 18826 18839 18840 18841 18846 18847 18848 18849 18854 18855 18861 18862 18868 18869 18870 18871 18875 18876 18882 18883 18885 18888 18889 18894 18896 18897 18899 18910 18911 18912 18919 18924 18930 18937 18939 18941 18944 18945 18951 18952 18955 18961 18963 18964 18971 18977 18980 18983 
	}
	manpower=659877
	buildings_max_level_factor=1.000
	state_category = wasteland
	local_supplies=0.000
}
