
state={
	id=455
	name="STATE_455"

	history={
		add_core_of = NAT
		owner = NAT

	}

	provinces={
		18355 18375 18388 18399 18411 18422 18447 18452 18456 18464 18486 18494 18502 18503 18516 18522 18532 18534 18547 18553 18564 18567 18582 18589 18598 18601 18613 18621 18632 18635 18639 18643 18664 18668 18673 18685 18690 18694 18720 18725 18726 18730 18743 18756 18762 18764 18776 18798 18820 
	}
	manpower=567477
	buildings_max_level_factor=1.000
	state_category=wasteland
	local_supplies=0.000
}
