state={
	id=456
	name="STATE_456"
	history={
		add_core_of = NAT
		owner = NAT

	}
	provinces={
		18225 18255 18269 18270 18280 18285 18295 18302 18307 18311 18326 18327 18337 18344 18346 18347 18349 18359 18362 18367 18368 18377 18385 18386 18393 18394 18398 18401 18409 18416 18419 18427 18430 18431 18435 18437 18441 18442 18450 18451 18455 18460 18466 18480 18481 18484 18489 18492 18493 18514 18530 18541 18560 18566 
	}
	manpower=567976
	buildings_max_level_factor=1.000
	state_category = rural
	local_supplies=0.000
}
