state={
	id=457
	name="STATE_457"
	history={
		add_core_of = NAT
		owner = NAT

	}
	provinces={
		18233 18247 18271 18272 18281 18293 18296 18297 18300 18303 18304 18316 18317 18319 18322 18328 18338 18339 18340 18348 18354 18363 18364 18369 18370 18374 18379 18387 18395 18402 18410 18417 18420 18421 18428 18432 18436 18438 18461 18462 18463 18467 18471 18473 18476 18485 18508 18511 18515 18518 18519 18526 18545 18546 18556 18584 
	}
	manpower=563631
	buildings_max_level_factor=1.000
	state_category = wasteland
	local_supplies=0.000
}
