
state={
	id=460
	name="STATE_460"

	history={
		add_core_of = NAT
		owner = NAT

	}

	provinces={
		17972 17983 17986 17998 18007 18019 18031 18036 18043 18044 18051 18056 18067 18072 18073 18076 18077 18084 18102 18103 18104 18105 18113 18114 18116 18127 18130 18132 18134 18143 18144 18145 18149 18150 18155 18162 18166 18169 18173 18176 18177 18178 18181 18187 18191 18192 18196 18197 18198 18201 18214 18215 18218 18220 18224 18237 18238 18245 18246 18260 18263 18266 18286 18290 
	}
	manpower=81234
	buildings_max_level_factor=1.000
	state_category=wasteland
	local_supplies=0.000
}
