state={
	id=463
	name="STATE_463"
	history={
		owner = SUD
		add_core_of = SUD

	}
	provinces={
		17375 17378 17389 17391 17395 17402 17406 17410 17421 17425 17430 17439 17440 17446 17457 17459 17463 17473 17474 17480 17483 17490 17495 17500 17501 17510 17513 17515 17516 17525 17530 17547 17549 17550 17560 17562 17581 17582 17583 17584 17589 17595 17605 17610 17611 17615 17620 17637 17638 17643 17661 17665 17669 17695 17700 17728 17730 17747 
	}
	manpower=51513
	buildings_max_level_factor=1.000
	state_category = wasteland
	local_supplies=0.000
}
