state={
	id=469
	name="STATE_469"
	history={
		owner = SUD
		add_core_of = SUD

	}
	provinces={
		17319 17322 17323 17324 17326 17331 17333 17334 17335 17336 17337 17341 17343 17344 17345 17346 17347 17349 17352 17353 17355 17358 17361 17362 17363 17364 17367 17368 17374 17381 17382 17383 17385 17392 17393 17394 17405 17407 17408 17412 17413 17418 17436 17441 17442 17443 17454 17455 17471 17472 17475 17481 17491 17497 17509 17512 17526 17533 17534 17535 17540 17556 17570 
	}
	manpower=12381
	buildings_max_level_factor=1.000
	state_category = wasteland
	local_supplies=0.000
}
