
state={
	id=48
	name="STATE_48"

	history={
		owner = HIL
		add_core_of = HIL
		buildings = {
			infrastructure = 2

		}
		victory_points = {
			6 5 
		}
	}

	provinces={
		6 79 150 316 345 449 524 996 1298 1413 1459 1481 1522 1611 1751 1867 2015 2141 2234 2298 2400 2562 2636 2644 2673 2801 3055 3247 3254 3496 3750 3861 3908 3953 4329 4426 4677 4706 4891 5106 5210 5262 12935 12946 12947 12955 12956 12966 12973 12983 12993 12995 12996 13003 13004 13011 13014 13016 13017 13020 13029 13038 13039 13046 13048 13061 13062 13066 13077 13078 13082 13088 13089 13093 13094 13099 13100 13108 13111 13112 13115 13116 13143 13149 13152 13153 13154 13168 13169 13171 13179 13180 13181 13184 13193 13194 13208 13214 13215 13235 13253 
	}
	manpower=1000000
	buildings_max_level_factor=1.000
	state_category=megalopolis
	local_supplies=0.000
}
