
state={
	id=481
	name="STATE_481"
	provinces={
		48 51 56 59 60 61 64 67 75 76 77 78 81 83 88 90 93 99 100 103 112 115 119 121 123 124 125 127 128 133 134 139 140 143 145 146 156 157 159 161 164 168 169 174 180 182 185 187 189 190 192 202 204 211 212 214 225 226 228 237 239 241 245 247 248 260 261 262 266 267 269 271 272 279 282 284 289 298 299 300 301 303 306 310 311 312 313 321 325 326 328 329 334 335 337 338 341 346 351 353 361 362 364 367 368 373 374 375 376 378 387 392 400 406 407 409 410 420 428 430 432 436 443 450 451 454 457 458 472 474 477 478 480 481 489 493 508 509 512 515 516 521 523 526 538 539 542 551 554 556 559 560 565 568 569 573 580 581 584 585 586 587 589 590 592 595 599 606 607 621 626 630 631 634 636 638 639 641 643 646 652 653 669 670 671 680 682 687 690 691 696 713 716 720 722 726 728 733 740 748 757 758 761 762 766 767 769 771 773 774 778 781 790 792 793 801 819 823 824 825 826 828 834 835 837 844 850 851 853 854 856 866 883 884 885 888 890 893 898 903 913 914 919 923 924 928 933 942 943 950 961 964 965 966 1170 1172 1178 1183 1190 1197 1198 1208 1223 1231 1238 1240 1244 1245 1247 1249 1253 1260 1271 1275 1278 1282 1283 1286 1287 1290 1297 1303 1309 1313 1321 1326 1329 1336 1338 1339 1340 1374 1375 1379 1380 1391 1392 1393 1395 1415 1416 1421 1436 1443 1444 1445 1455 1460 1463 1487 1488 1504 1510 1514 1516 1518 1535 1539 1550 1560 1566 1572 1588 1589 1603 1607 1615 1622 1625 1628 1636 1640 1655 1665 1668 1670 1673 1678 1696 1697 1704 1705 1707 1710 1711 1714 1715 1718 1726 1728 1731 1733 1734 1741 1745 1750 1757 1758 1767 1784 1789 1798 1808 1813 1815 1821 1823 1833 1837 1841 1849 1874 1903 1906 1916 1922 1923 1939 1945 1950 1953 1975 2000 2005 2008 2010 2014 2023 2047 2051 2062 2068 2076 2087 2096 2098 2102 2104 2107 2112 2124 2125 2127 2134 2137 2146 2164 2169 2187 2190 2194 2196 2213 2233 2237 2243 2269 2271 2286 2290 2291 2313 2326 2329 2335 2338 2340 2348 2353 2363 2365 2369 2371 2376 2392 2393 2408 2410 2413 2414 2418 2421 2438 2444 2450 2457 2480 2485 2487 2493 2495 2501 2526 2528 2531 2533 2541 2542 2556 2557 2611 2625 2638 2639 2645 2654 2655 2662 2700 2701 2718 2811 2835 2857 2859 2861 2866 2871 2898 2919 2920 2929 2974 2987 3014 3019 3027 3036 3078 3085 3101 3113 3134 3184 3189 3194 3207 3215 3223 3242 3248 3260 3277 3288 3299 3332 3370 3389 3396 3402 3414 3421 3437 3454 3456 3493 3499 3522 3542 3556 3560 3578 3584 3613 3615 3634 3635 3677 3690 3691 3693 3695 3713 3714 3728 3735 3741 3743 3749 3754 3761 3764 3779 3783 3784 3786 3793 3808 3823 3859 3901 3904 3966 3979 3999 4068 4080 4091 4103 4132 4139 4156 4180 4190 4194 4202 4248 4256 4297 4308 4314 4327 4355 4369 4370 4396 4430 4439 4440 4446 4447 4491 4493 4499 4508 4522 4526 4528 4545 4547 4550 4632 4639 4643 4647 4652 4662 4717 4736 4739 4747 4760 4771 4782 4783 4792 4793 4794 4831 4840 4847 4884 4887 4898 4908 4916 4934 4958 5023 5068 5100 5105 5118 5146 5159 5166 5195 5211 5213 5237 5273 5279 5282 5283 5284 5285 5286 5287 5288 5289 5290 5291 5292 5293 5294 5295 5296 5297 5298 5299 5300 5301 5302 5303 5304 5305 5306 5307 5308 5309 5310 5311 5312 5314 5316 5348 5364 5367 5428 5449 5469 5491 5553 5627 5792 5798 5799 6034 6476 6591 6775 6781 6837 6838 6865 6897 6945 6962 7081 7089 7202 7301 7405 7493 7523 7678 7718 7846 7892 8007 8008 8032 8256 8438 8470 8632 8659 9065 9199 9305 9463 9481 9491 9536 9546 9567 9590 9636 9671 9675 9697 9706 9717 9734 9749 9756 9773 9911 10622 10982 10983 11009 11027 11038 11086 11092 11120 11136 11150 11168 11186 11235 11244 11278 11345 11355 11356 11360 11389 11420 11447 11535 11621 11629 11630 11645 11664 11677 11721 11731 11763 11790 11815 11867 11887 11907 11908 11930 11948 11969 11976 11985 11986 12005 12024 12025 12046 12060 12082 12091 12131 12137 12152 12157 12158 12160 12164 12167 12174 12177 12180 12182 12183 12184 12191 12195 12204 12208 12220 12223 12226 12232 12239 12242 12248 12277 12281 12285 12291 12292 12303 12366 12397 12630 12648 12649 12650 12651 12652 12653 12654 12655 12656 12657 12658 12667 12669 12690 12698 12702 12703 12735 12815 12833 12837 12886 12894 12905 12962 13024 13040 13076 13079 13126 13127 13128 13129 13130 13131 13132 13133 13134 13135 13136 13137 13138 13205 13218 13225 13226 13230 13231 13239 13240 13245 13246 13247 13251 13256 13288 13290 13291 13296 13297 13298 13301 13304 13305 13315 13317 17369 17371 17450 17597 17630 17679 17848 18148 18373 18378 18538 18797 18938 
	}
	manpower=0
	buildings_max_level_factor=1.000
	local_supplies=0.000
}
