
state={
	id=98
	name="STATE_98"
	resources={
		oil=50.000
	}

	history={
		owner = SRI
		buildings = {
			infrastructure = 4

		}
		victory_points = {
			19 5 
		}
	}

	provinces={
		19 238 768 806 926 945 1252 1327 1479 2019 2536 2607 2821 3048 3664 4086 4368 4434 4575 4714 4815 4838 5082 12558 12565 12566 12568 12569 12573 12574 12575 12576 12577 12579 12581 12582 12583 12584 12585 12587 12588 12591 12592 12593 12595 12596 12597 12598 12599 12600 12603 12604 12605 12607 12608 12609 12611 12613 12614 12615 12620 12621 12624 12625 12626 12628 12633 12638 12640 12643 12645 12647 13361 17311 
	}
	manpower=1000
	buildings_max_level_factor=1.000
	state_category=megalopolis
	local_supplies=0.000
}
